-7.184000e-01,-1.084655e+00,0,0,3
-7.088000e-01,-1.084655e+00,0,0,3
-6.992000e-01,-1.084655e+00,0,0,3
-6.896000e-01,-1.084655e+00,0,0,3
-6.800000e-01,-1.084655e+00,0,0,3
-6.704000e-01,-1.084655e+00,0,0,3
-6.608000e-01,-1.084655e+00,0,0,3
-6.512000e-01,-1.084655e+00,0,0,3
-6.416000e-01,-1.084655e+00,0,0,3
-6.320000e-01,-1.084655e+00,0,0,3
-6.224000e-01,-1.084655e+00,0,0,3
-6.128000e-01,-1.084655e+00,0,0,3
-6.032000e-01,-1.084655e+00,0,0,3
-5.936000e-01,-1.084655e+00,0,0,3
-5.840000e-01,-1.084655e+00,0,0,3
-5.744000e-01,-1.084655e+00,0,0,3
-5.648000e-01,-1.084655e+00,0,0,3
-5.552000e-01,-1.084655e+00,0,0,3
-5.456000e-01,-1.084655e+00,0,0,3
-5.360000e-01,-1.084655e+00,0,0,3
-5.264000e-01,-1.084655e+00,0,0,3
-5.168000e-01,-1.084655e+00,0,0,3
-5.072000e-01,-1.084655e+00,0,0,3
-4.976000e-01,-1.084655e+00,0,0,3
-4.880000e-01,-1.084655e+00,0,0,3
-4.784000e-01,-1.084655e+00,0,0,3
-4.688000e-01,-1.084655e+00,0,0,3
-4.592000e-01,-1.084655e+00,0,0,3
-4.496000e-01,-1.084655e+00,0,0,3
-4.400000e-01,-1.084655e+00,0,0,3
-4.304000e-01,-1.084655e+00,0,0,3
-4.208000e-01,-1.084655e+00,0,0,3
-4.112000e-01,-1.084655e+00,0,0,3
-4.016000e-01,-1.084655e+00,0,0,3
-3.920000e-01,-1.084655e+00,0,0,3
-3.824000e-01,-1.084655e+00,0,0,3
-3.728000e-01,-1.084655e+00,0,0,3
-3.632000e-01,-1.084655e+00,0,0,3
-3.536000e-01,-1.084655e+00,0,0,3
-3.440000e-01,-1.084655e+00,0,0,3
-3.344000e-01,-1.084655e+00,0,0,3
-3.248000e-01,-1.084655e+00,0,0,3
-3.152000e-01,-1.084655e+00,0,0,3
-3.056000e-01,-1.084655e+00,0,0,3
-2.960000e-01,-1.084655e+00,0,0,3
-2.864000e-01,-1.084655e+00,0,0,3
-2.768000e-01,-1.084655e+00,0,0,3
-2.672000e-01,-1.084655e+00,0,0,3
-2.576000e-01,-1.084655e+00,0,0,3
-2.480000e-01,-1.084655e+00,0,0,3
-2.384000e-01,-1.084655e+00,0,0,3
-2.288000e-01,-1.084655e+00,0,0,3
-2.192000e-01,-1.084655e+00,0,0,3
-2.096000e-01,-1.084655e+00,0,0,3
-2.000000e-01,-1.084655e+00,0,0,3
-1.904000e-01,-1.084655e+00,0,0,3
-1.808000e-01,-1.084655e+00,0,0,3
-1.712000e-01,-1.084655e+00,0,0,3
-1.616000e-01,-1.084655e+00,0,0,3
-1.520000e-01,-1.084655e+00,0,0,3
-1.424000e-01,-1.084655e+00,0,0,3
-1.328000e-01,-1.084655e+00,0,0,3
-1.232000e-01,-1.084655e+00,0,0,3
-1.136000e-01,-1.084655e+00,0,0,3
-1.040000e-01,-1.084655e+00,0,0,3
-9.440000e-02,-1.084655e+00,0,0,3
-8.480000e-02,-1.084655e+00,0,0,3
-7.520000e-02,-1.084655e+00,0,0,3
-6.560000e-02,-1.084655e+00,0,0,3
-5.600000e-02,-1.084655e+00,0,0,3
-4.640000e-02,-1.084655e+00,0,0,3
-3.680000e-02,-1.084655e+00,0,0,3
-2.720000e-02,-1.084655e+00,0,0,3
-1.760000e-02,-1.084655e+00,0,0,3
-8.000000e-03,-1.084655e+00,0,0,3
1.600000e-03,-1.084655e+00,0,0,3
1.120000e-02,-1.084655e+00,0,0,3
2.080000e-02,-1.084655e+00,0,0,3
3.040000e-02,-1.084655e+00,0,0,3
4.000000e-02,-1.084655e+00,0,0,3
4.960000e-02,-1.084655e+00,0,0,3
5.920000e-02,-1.084655e+00,0,0,3
6.880000e-02,-1.084655e+00,0,0,3
7.840000e-02,-1.084655e+00,0,0,3
8.800000e-02,-1.084655e+00,0,0,3
9.760000e-02,-1.084655e+00,0,0,3
1.072000e-01,-1.084655e+00,0,0,3
1.168000e-01,-1.084655e+00,0,0,3
1.264000e-01,-1.084655e+00,0,0,3
1.360000e-01,-1.084655e+00,0,0,3
1.456000e-01,-1.084655e+00,0,0,3
1.552000e-01,-1.084655e+00,0,0,3
1.648000e-01,-1.084655e+00,0,0,3
1.744000e-01,-1.084655e+00,0,0,3
1.840000e-01,-1.084655e+00,0,0,3
1.936000e-01,-1.084655e+00,0,0,3
2.032000e-01,-1.084655e+00,0,0,3
2.128000e-01,-1.084655e+00,0,0,3
2.224000e-01,-1.084655e+00,0,0,3
2.320000e-01,-1.084655e+00,0,0,3.600000e+00
2.416000e-01,-1.084655e+00,0,0,3.600000e+00
2.512000e-01,-1.084655e+00,0,0,3.600000e+00
2.608000e-01,-1.084655e+00,0,0,3.600000e+00
2.704000e-01,-1.084655e+00,0,0,3.600000e+00
2.800000e-01,-1.084655e+00,0,0,3.600000e+00
2.896000e-01,-1.084655e+00,0,0,3.600000e+00
2.992000e-01,-1.084655e+00,0,0,3.600000e+00
3.088000e-01,-1.084655e+00,0,0,3.600000e+00
3.184000e-01,-1.084655e+00,0,0,3.600000e+00
3.280000e-01,-1.084655e+00,0,0,3.600000e+00
3.376000e-01,-1.084655e+00,0,0,3.600000e+00
3.472000e-01,-1.084655e+00,0,0,3.600000e+00
3.568000e-01,-1.084655e+00,0,0,3.600000e+00
3.664000e-01,-1.084655e+00,0,0,3.600000e+00
3.760000e-01,-1.084655e+00,0,0,3.600000e+00
3.856000e-01,-1.084655e+00,0,0,3.600000e+00
3.952000e-01,-1.084655e+00,0,0,3.600000e+00
4.048000e-01,-1.084655e+00,0,0,3.600000e+00
4.144000e-01,-1.084655e+00,0,0,3.600000e+00
4.240000e-01,-1.084655e+00,0,0,3.600000e+00
4.336000e-01,-1.084655e+00,0,0,3.600000e+00
4.432000e-01,-1.084655e+00,0,0,3.600000e+00
4.528000e-01,-1.084655e+00,0,0,3.600000e+00
4.624000e-01,-1.084655e+00,0,0,3.600000e+00
4.720000e-01,-1.084655e+00,0,0,3.600000e+00
4.816000e-01,-1.084655e+00,0,0,3.600000e+00
4.912000e-01,-1.084655e+00,0,0,3.600000e+00
5.008000e-01,-1.084655e+00,0,0,3.600000e+00
5.104000e-01,-1.084655e+00,0,0,3.600000e+00
5.200000e-01,-1.084655e+00,0,0,3.600000e+00
5.296000e-01,-1.084655e+00,0,0,3.600000e+00
5.392000e-01,-1.084655e+00,0,0,3.600000e+00
5.488000e-01,-1.084655e+00,0,0,3.600000e+00
5.584000e-01,-1.084655e+00,0,0,3.600000e+00
5.680000e-01,-1.084655e+00,0,0,3.600000e+00
5.776000e-01,-1.084655e+00,0,0,3.600000e+00
5.872000e-01,-1.084655e+00,0,0,3.600000e+00
5.968000e-01,-1.084655e+00,0,0,3.600000e+00
6.064000e-01,-1.084655e+00,0,0,3.600000e+00
6.160000e-01,-1.084655e+00,0,0,3.600000e+00
6.256000e-01,-1.084655e+00,0,0,3.600000e+00
6.352000e-01,-1.084655e+00,0,0,3.600000e+00
6.448000e-01,-1.084655e+00,0,0,3.600000e+00
6.544000e-01,-1.084655e+00,0,0,3.600000e+00
6.640000e-01,-1.084655e+00,0,0,3.600000e+00
6.736000e-01,-1.084655e+00,0,0,3.600000e+00
6.832000e-01,-1.084655e+00,0,0,3.600000e+00
6.928000e-01,-1.084655e+00,0,0,3.600000e+00
7.024000e-01,-1.084655e+00,0,0,3.600000e+00
7.120000e-01,-1.084655e+00,0,0,3.600000e+00
7.216000e-01,-1.084655e+00,0,0,3.600000e+00
7.312000e-01,-1.084655e+00,0,0,3.600000e+00
7.408000e-01,-1.084655e+00,0,0,3.600000e+00
7.504000e-01,-1.084655e+00,0,0,3.600000e+00
7.600000e-01,-1.084655e+00,0,0,3.600000e+00
7.696000e-01,-1.084655e+00,0,0,3.600000e+00
7.792000e-01,-1.084655e+00,0,0,3.600000e+00
7.888000e-01,-1.084655e+00,0,0,3.600000e+00
7.984000e-01,-1.084655e+00,0,0,3.600000e+00
8.080000e-01,-1.084655e+00,0,0,3.600000e+00
8.176000e-01,-1.084655e+00,0,0,3.600000e+00
8.272000e-01,-1.084655e+00,0,0,3.600000e+00
8.368000e-01,-1.084655e+00,0,0,3.600000e+00
8.464000e-01,-1.084655e+00,0,0,3.600000e+00
8.560000e-01,-1.084655e+00,0,0,3.600000e+00
8.656000e-01,-1.084655e+00,0,0,3.600000e+00
8.752000e-01,-1.084655e+00,0,0,3.600000e+00
8.848000e-01,-1.084655e+00,0,0,3.600000e+00
8.944000e-01,-1.084655e+00,0,0,3.600000e+00
9.040000e-01,-1.084655e+00,0,0,3.600000e+00
9.136000e-01,-1.084655e+00,0,0,3.600000e+00
9.232000e-01,-1.084655e+00,0,0,3.600000e+00
9.328000e-01,-1.084655e+00,0,0,3.600000e+00
9.424000e-01,-1.084655e+00,0,0,3.600000e+00
9.520000e-01,-1.084655e+00,0,0,3.600000e+00
9.616000e-01,-1.084655e+00,0,0,3.600000e+00
9.712000e-01,-1.084655e+00,0,0,3.600000e+00
9.808000e-01,-1.084655e+00,0,0,3.600000e+00
9.904000e-01,-1.084655e+00,0,0,3.600000e+00
1.000000e+00,-1.084655e+00,0,0,3.600000e+00
1.010000e+00,-1.084655e+00,0,0,3.600000e+00
1.020000e+00,-1.084655e+00,0,0,3.600000e+00
1.030000e+00,-1.084655e+00,0,0,3.600000e+00
1.040000e+00,-1.084655e+00,0,0,3.600000e+00
1.050000e+00,-1.084655e+00,0,0,3.600000e+00
1.060000e+00,-1.084655e+00,0,0,3.600000e+00
1.070000e+00,-1.084655e+00,0,0,3.600000e+00
1.080000e+00,-1.084655e+00,0,0,3.600000e+00
1.090000e+00,-1.084655e+00,0,0,3.600000e+00
1.100000e+00,-1.084655e+00,0,0,3.600000e+00
1.110000e+00,-1.084655e+00,0,0,3.600000e+00
1.120000e+00,-1.084655e+00,0,0,3.600000e+00
1.130000e+00,-1.084655e+00,0,0,3.600000e+00
1.140000e+00,-1.084655e+00,0,0,3.600000e+00
1.150000e+00,-1.084655e+00,0,0,3.600000e+00
1.157390e+00,-1.084655e+00,0,0,3.600000e+00
1.167390e+00,-1.084655e+00,0,0,3.600000e+00
1.177390e+00,-1.084655e+00,0,0,3.600000e+00
1.187390e+00,-1.084655e+00,0,0,3.600000e+00
1.197390e+00,-1.084655e+00,0,0,1.600000e+00
1.207390e+00,-1.084655e+00,0,0,1.600000e+00
1.217390e+00,-1.084655e+00,0,0,1.600000e+00
1.227390e+00,-1.084655e+00,0,0,1.600000e+00
1.237390e+00,-1.084655e+00,0,0,1.600000e+00
1.247390e+00,-1.084655e+00,0,0,1.600000e+00
1.257390e+00,-1.084655e+00,0,0,1.600000e+00
1.267390e+00,-1.084655e+00,0,0,1.600000e+00
1.277390e+00,-1.084655e+00,0,0,1.600000e+00
1.287390e+00,-1.084655e+00,0,0,1.600000e+00
1.297390e+00,-1.084655e+00,0,0,1.600000e+00
1.307390e+00,-1.084655e+00,0,0,1.600000e+00
1.317390e+00,-1.084655e+00,0,0,1.600000e+00
1.327390e+00,-1.084655e+00,0,0,1.600000e+00
1.337390e+00,-1.084655e+00,0,0,1.600000e+00
1.347390e+00,-1.084655e+00,0,2.838229e-01,1.600000e+00
1.357390e+00,-1.084655e+00,3.492893e-03,2.838229e-01,1.600000e+00
1.373450e+00,-1.084599e+00,1.682878e-02,2.838229e-01,1.600000e+00
1.383448e+00,-1.084431e+00,2.804797e-02,2.838229e-01,1.600000e+00
1.393444e+00,-1.084150e+00,3.926716e-02,2.838229e-01,1.600000e+00
1.403437e+00,-1.083758e+00,5.048635e-02,2.838229e-01,1.600000e+00
1.413424e+00,-1.083253e+00,6.170554e-02,2.838229e-01,1.600000e+00
1.423405e+00,-1.082636e+00,7.292473e-02,2.838229e-01,1.600000e+00
1.433378e+00,-1.081908e+00,8.414392e-02,2.838229e-01,1.600000e+00
1.443343e+00,-1.081067e+00,9.536311e-02,2.838229e-01,1.600000e+00
1.453297e+00,-1.080115e+00,1.065823e-01,2.838229e-01,1.600000e+00
1.463240e+00,-1.079051e+00,1.178015e-01,2.838229e-01,1.600000e+00
1.473171e+00,-1.077876e+00,1.290207e-01,2.838229e-01,1.600000e+00
1.483088e+00,-1.076589e+00,1.402399e-01,2.838229e-01,1.600000e+00
1.492990e+00,-1.075192e+00,1.514591e-01,2.838229e-01,1.600000e+00
1.502875e+00,-1.073683e+00,1.626782e-01,2.838229e-01,1.600000e+00
1.512743e+00,-1.072063e+00,1.738974e-01,2.838229e-01,1.600000e+00
1.522592e+00,-1.070333e+00,1.851166e-01,2.838229e-01,1.600000e+00
1.532421e+00,-1.068492e+00,1.963358e-01,2.838229e-01,1.600000e+00
1.542229e+00,-1.066542e+00,2.075550e-01,2.838229e-01,1.600000e+00
1.552014e+00,-1.064481e+00,2.187742e-01,2.838229e-01,1.600000e+00
1.561776e+00,-1.062311e+00,2.299934e-01,2.838229e-01,1.600000e+00
1.571513e+00,-1.060031e+00,2.412126e-01,2.838229e-01,1.600000e+00
1.581223e+00,-1.057642e+00,2.524318e-01,2.838229e-01,1.600000e+00
1.590906e+00,-1.055145e+00,2.636509e-01,2.838229e-01,1.600000e+00
1.600560e+00,-1.052538e+00,2.748701e-01,2.838229e-01,1.600000e+00
1.610185e+00,-1.049824e+00,2.860893e-01,2.838229e-01,1.600000e+00
1.619778e+00,-1.047002e+00,2.973085e-01,2.838229e-01,1.600000e+00
1.629340e+00,-1.044073e+00,3.085277e-01,2.838229e-01,1.600000e+00
1.638867e+00,-1.041036e+00,3.197469e-01,2.838229e-01,1.600000e+00
1.648361e+00,-1.037893e+00,3.309661e-01,2.838229e-01,1.600000e+00
1.657818e+00,-1.034643e+00,3.421853e-01,2.838229e-01,1.600000e+00
1.667238e+00,-1.031288e+00,3.534045e-01,2.838229e-01,1.600000e+00
1.676620e+00,-1.027827e+00,3.646237e-01,2.838229e-01,1.600000e+00
1.685963e+00,-1.024261e+00,3.758428e-01,2.838229e-01,1.600000e+00
1.695264e+00,-1.020591e+00,3.870620e-01,2.838229e-01,1.600000e+00
1.704525e+00,-1.016816e+00,3.982812e-01,2.838229e-01,1.600000e+00
1.713742e+00,-1.012938e+00,4.095004e-01,2.838229e-01,1.600000e+00
1.722915e+00,-1.008956e+00,4.207196e-01,2.838229e-01,1.600000e+00
1.732043e+00,-1.004872e+00,4.319388e-01,2.838229e-01,1.600000e+00
1.741124e+00,-1.000686e+00,4.431580e-01,2.838229e-01,1.600000e+00
1.750158e+00,-9.963977e-01,4.543772e-01,2.838229e-01,1.600000e+00
1.759144e+00,-9.920087e-01,4.655964e-01,2.838229e-01,1.600000e+00
1.768079e+00,-9.875192e-01,4.768155e-01,2.838229e-01,1.600000e+00
1.776964e+00,-9.829297e-01,4.880347e-01,2.838229e-01,1.600000e+00
1.785796e+00,-9.782408e-01,4.992539e-01,2.838229e-01,1.600000e+00
1.794576e+00,-9.734531e-01,5.104731e-01,2.838229e-01,1.600000e+00
1.803301e+00,-9.685672e-01,5.216923e-01,2.838229e-01,1.600000e+00
1.811970e+00,-9.635838e-01,5.329115e-01,2.838229e-01,1.600000e+00
1.820584e+00,-9.585034e-01,5.441307e-01,2.838229e-01,1.600000e+00
1.829139e+00,-9.533267e-01,5.553499e-01,2.838229e-01,1.600000e+00
1.837637e+00,-9.480543e-01,5.665691e-01,2.838229e-01,1.600000e+00
1.846074e+00,-9.426869e-01,5.777882e-01,2.838229e-01,1.600000e+00
1.854451e+00,-9.372252e-01,5.890074e-01,2.838229e-01,1.600000e+00
1.862766e+00,-9.316699e-01,6.002266e-01,2.838229e-01,1.600000e+00
1.871018e+00,-9.260216e-01,6.114458e-01,2.838229e-01,1.600000e+00
1.879206e+00,-9.202811e-01,6.226650e-01,2.838229e-01,1.600000e+00
1.887329e+00,-9.144491e-01,6.338842e-01,2.838229e-01,1.600000e+00
1.895386e+00,-9.085264e-01,6.451034e-01,2.838229e-01,1.600000e+00
1.903377e+00,-9.025136e-01,6.563226e-01,2.838229e-01,1.600000e+00
1.911299e+00,-8.964116e-01,6.675418e-01,2.838229e-01,1.600000e+00
1.919152e+00,-8.902210e-01,6.787610e-01,2.838229e-01,1.600000e+00
1.926936e+00,-8.839428e-01,6.899801e-01,2.838229e-01,1.600000e+00
1.934648e+00,-8.775776e-01,7.011993e-01,2.838229e-01,1.600000e+00
1.942289e+00,-8.711263e-01,7.124185e-01,2.838229e-01,1.600000e+00
1.949857e+00,-8.645896e-01,7.236377e-01,2.838229e-01,1.600000e+00
1.957351e+00,-8.579685e-01,7.348569e-01,2.838229e-01,1.600000e+00
1.964770e+00,-8.512637e-01,7.460761e-01,2.838229e-01,1.600000e+00
1.972114e+00,-8.444762e-01,7.572953e-01,2.838229e-01,1.600000e+00
1.979381e+00,-8.376066e-01,7.685145e-01,2.838229e-01,1.600000e+00
1.986570e+00,-8.306560e-01,7.797337e-01,2.838229e-01,1.600000e+00
1.993681e+00,-8.236251e-01,7.909528e-01,2.838229e-01,1.600000e+00
2.000713e+00,-8.165149e-01,8.021720e-01,2.838229e-01,1.600000e+00
2.007664e+00,-8.093263e-01,8.133912e-01,2.838229e-01,1.600000e+00
2.014534e+00,-8.020601e-01,8.246104e-01,2.838229e-01,1.600000e+00
2.021323e+00,-7.947173e-01,8.358296e-01,2.838229e-01,1.600000e+00
2.028028e+00,-7.872988e-01,8.470488e-01,2.838229e-01,1.600000e+00
2.034650e+00,-7.798055e-01,8.582680e-01,2.838229e-01,1.600000e+00
2.041188e+00,-7.722385e-01,8.694872e-01,2.838229e-01,1.600000e+00
2.047640e+00,-7.645985e-01,8.807064e-01,2.838229e-01,1.600000e+00
2.054006e+00,-7.568867e-01,8.919255e-01,2.838229e-01,1.600000e+00
2.060285e+00,-7.491039e-01,9.031447e-01,2.838229e-01,1.600000e+00
2.066476e+00,-7.412512e-01,9.143639e-01,2.838229e-01,1.600000e+00
2.072579e+00,-7.333295e-01,9.255831e-01,2.838229e-01,1.600000e+00
2.078593e+00,-7.253398e-01,9.368023e-01,2.838229e-01,1.600000e+00
2.084517e+00,-7.172831e-01,9.480215e-01,2.838229e-01,1.600000e+00
2.090349e+00,-7.091606e-01,9.592407e-01,2.838229e-01,1.600000e+00
2.096091e+00,-7.009730e-01,9.704599e-01,2.838229e-01,1.600000e+00
2.101740e+00,-6.927216e-01,9.816791e-01,2.838229e-01,1.600000e+00
2.107296e+00,-6.844074e-01,9.928983e-01,2.838229e-01,1.600000e+00
2.112759e+00,-6.760313e-01,1.004117e+00,2.838229e-01,1.600000e+00
2.118127e+00,-6.675944e-01,1.015337e+00,2.838229e-01,1.600000e+00
2.123401e+00,-6.590979e-01,1.026556e+00,2.838229e-01,1.600000e+00
2.128578e+00,-6.505427e-01,1.037775e+00,2.838229e-01,1.600000e+00
2.133660e+00,-6.419300e-01,1.048994e+00,2.838229e-01,1.600000e+00
2.138644e+00,-6.332608e-01,1.060213e+00,2.838229e-01,1.600000e+00
2.143531e+00,-6.245363e-01,1.071433e+00,2.838229e-01,1.600000e+00
2.148319e+00,-6.157575e-01,1.082652e+00,2.838229e-01,1.600000e+00
2.153009e+00,-6.069255e-01,1.093871e+00,2.838229e-01,1.600000e+00
2.157600e+00,-5.980414e-01,1.105090e+00,2.838229e-01,1.600000e+00
2.162090e+00,-5.891064e-01,1.116309e+00,2.838229e-01,1.600000e+00
2.166480e+00,-5.801216e-01,1.127529e+00,2.838229e-01,1.600000e+00
2.170769e+00,-5.710881e-01,1.138748e+00,2.838229e-01,1.600000e+00
2.174956e+00,-5.620070e-01,1.149967e+00,2.838229e-01,1.600000e+00
2.179042e+00,-5.528796e-01,1.161186e+00,2.838229e-01,1.600000e+00
2.183024e+00,-5.437069e-01,1.172405e+00,2.838229e-01,1.600000e+00
2.186903e+00,-5.344901e-01,1.183624e+00,2.838229e-01,1.600000e+00
2.190679e+00,-5.252303e-01,1.194844e+00,2.838229e-01,1.600000e+00
2.194351e+00,-5.159288e-01,1.206063e+00,2.838229e-01,1.600000e+00
2.197918e+00,-5.065866e-01,1.217282e+00,2.838229e-01,1.600000e+00
2.201380e+00,-4.972051e-01,1.228501e+00,2.838229e-01,1.600000e+00
2.204736e+00,-4.877852e-01,1.239720e+00,2.838229e-01,1.600000e+00
2.207987e+00,-4.783284e-01,1.250940e+00,2.838229e-01,1.600000e+00
2.211131e+00,-4.688356e-01,1.262159e+00,2.838229e-01,1.600000e+00
2.214169e+00,-4.593082e-01,1.273378e+00,2.838229e-01,1.600000e+00
2.217099e+00,-4.497473e-01,1.284597e+00,2.838229e-01,1.600000e+00
2.219922e+00,-4.401541e-01,1.295816e+00,2.838229e-01,1.600000e+00
2.222637e+00,-4.305298e-01,1.307036e+00,2.838229e-01,1.600000e+00
2.225245e+00,-4.208757e-01,1.318255e+00,2.838229e-01,1.600000e+00
2.227743e+00,-4.111929e-01,1.329474e+00,2.838229e-01,1.600000e+00
2.230133e+00,-4.014828e-01,1.340693e+00,2.838229e-01,1.600000e+00
2.232414e+00,-3.917464e-01,1.351912e+00,2.838229e-01,1.600000e+00
2.234585e+00,-3.819850e-01,1.363132e+00,2.838229e-01,1.600000e+00
2.236647e+00,-3.721999e-01,1.374351e+00,2.838229e-01,1.600000e+00
2.238599e+00,-3.623923e-01,1.385570e+00,2.838229e-01,1.600000e+00
2.240440e+00,-3.525634e-01,1.396789e+00,2.838229e-01,1.600000e+00
2.242172e+00,-3.427145e-01,1.408008e+00,2.838229e-01,1.600000e+00
2.243792e+00,-3.328467e-01,1.419227e+00,2.838229e-01,1.600000e+00
2.245302e+00,-3.229614e-01,1.430447e+00,2.838229e-01,1.600000e+00
2.246701e+00,-3.130598e-01,1.441666e+00,2.838229e-01,1.600000e+00
2.247989e+00,-3.031431e-01,1.452885e+00,2.838229e-01,1.600000e+00
2.249165e+00,-2.932126e-01,1.464104e+00,2.838229e-01,1.600000e+00
2.250230e+00,-2.832695e-01,1.475323e+00,2.838229e-01,1.600000e+00
2.251183e+00,-2.733151e-01,1.486543e+00,2.838229e-01,1.600000e+00
2.252025e+00,-2.633507e-01,1.497762e+00,2.838229e-01,1.600000e+00
2.252755e+00,-2.533774e-01,1.508981e+00,2.838229e-01,1.600000e+00
2.253372e+00,-2.433965e-01,1.520200e+00,2.838229e-01,1.600000e+00
2.253878e+00,-2.334094e-01,1.531419e+00,2.838229e-01,1.600000e+00
2.254272e+00,-2.234172e-01,1.542639e+00,2.838229e-01,1.600000e+00
2.254553e+00,-2.134212e-01,1.553858e+00,2.838229e-01,1.600000e+00
2.254723e+00,-2.034227e-01,1.565077e+00,2.838229e-01,1.600000e+00
2.254780e+00,-1.934229e-01,1.570796e+00,0,1.600000e+00
2.254780e+00,-1.833250e-01,1.570796e+00,0,1.600000e+00
2.254780e+00,-1.733250e-01,1.570796e+00,0,1.600000e+00
2.254780e+00,-1.633250e-01,1.570796e+00,0,1.600000e+00
2.254780e+00,-1.533250e-01,1.570796e+00,0,1.600000e+00
2.254780e+00,-1.433250e-01,1.570796e+00,0,1.600000e+00
2.254780e+00,-1.333250e-01,1.570796e+00,0,1.600000e+00
2.254780e+00,-1.233250e-01,1.570796e+00,0,1.600000e+00
2.254780e+00,-1.133250e-01,1.570796e+00,0,1.600000e+00
2.254780e+00,-1.033250e-01,1.570796e+00,0,1.600000e+00
2.254780e+00,-9.332500e-02,1.570796e+00,0,1.600000e+00
2.254780e+00,-8.332500e-02,1.570796e+00,0,1.600000e+00
2.254780e+00,-7.332500e-02,1.570796e+00,0,1.600000e+00
2.254780e+00,-6.332500e-02,1.570796e+00,0,1.600000e+00
2.254780e+00,-5.332500e-02,1.570796e+00,0,3.600000e+00
2.254780e+00,-4.332500e-02,1.570796e+00,0,3.600000e+00
2.254780e+00,-3.332500e-02,1.570796e+00,0,3.600000e+00
2.254780e+00,-2.332500e-02,1.570796e+00,0,3.600000e+00
2.254780e+00,-1.332500e-02,1.570796e+00,0,3.600000e+00
2.254780e+00,-3.325000e-03,1.570796e+00,0,3.600000e+00
2.254780e+00,6.675000e-03,1.570796e+00,0,3.600000e+00
2.254780e+00,1.667500e-02,1.570796e+00,0,3.600000e+00
2.254780e+00,2.667500e-02,1.570796e+00,0,3.600000e+00
2.254780e+00,3.667500e-02,1.570796e+00,0,3.600000e+00
2.254780e+00,4.667500e-02,1.570796e+00,0,3.600000e+00
2.254780e+00,5.667500e-02,1.570796e+00,0,3.600000e+00
2.254780e+00,6.667500e-02,1.570796e+00,0,3.600000e+00
2.254780e+00,7.667500e-02,1.570796e+00,0,3.600000e+00
2.254780e+00,8.140000e-02,1.570796e+00,0,3.600000e+00
2.254780e+00,9.140000e-02,1.570796e+00,0,3.600000e+00
2.254780e+00,1.014000e-01,1.570796e+00,0,3.600000e+00
2.254780e+00,1.114000e-01,1.570796e+00,0,3.600000e+00
2.254780e+00,1.214000e-01,1.570796e+00,0,3.600000e+00
2.254780e+00,1.314000e-01,1.570796e+00,0,3.600000e+00
2.254780e+00,1.414000e-01,1.570796e+00,0,3.600000e+00
2.254780e+00,1.514000e-01,1.570796e+00,0,3.600000e+00
2.254780e+00,1.614000e-01,1.570796e+00,0,3.600000e+00
2.254780e+00,1.714000e-01,1.570796e+00,0,3.600000e+00
2.254780e+00,1.814000e-01,1.570796e+00,0,3.600000e+00
2.254780e+00,1.914000e-01,1.570796e+00,0,3.600000e+00
2.254780e+00,2.014000e-01,1.570796e+00,0,3.600000e+00
2.254780e+00,2.114000e-01,1.570796e+00,0,3.600000e+00
2.254780e+00,2.214000e-01,1.570796e+00,0,3.600000e+00
2.254780e+00,2.314000e-01,1.570796e+00,0,3.600000e+00
2.254780e+00,2.414000e-01,1.570796e+00,0,3.600000e+00
2.254780e+00,2.514000e-01,1.570796e+00,0,3.600000e+00
2.254780e+00,2.614000e-01,1.570796e+00,0,3.600000e+00
2.254780e+00,2.714000e-01,1.570796e+00,0,3.600000e+00
2.254780e+00,2.814000e-01,1.570796e+00,0,3.600000e+00
2.254780e+00,2.914000e-01,1.570796e+00,0,3.600000e+00
2.254780e+00,3.014000e-01,1.570796e+00,0,3.600000e+00
2.254780e+00,3.114000e-01,1.570796e+00,0,3.600000e+00
2.254780e+00,3.214000e-01,1.570796e+00,0,3.600000e+00
2.254780e+00,3.314000e-01,1.570796e+00,0,3.600000e+00
2.254780e+00,3.414000e-01,1.570796e+00,0,3.600000e+00
2.254780e+00,3.514000e-01,1.570796e+00,0,3.600000e+00
2.254780e+00,3.614000e-01,1.570796e+00,0,3.600000e+00
2.254780e+00,3.714000e-01,1.570796e+00,0,3.600000e+00
2.254780e+00,3.814000e-01,1.570796e+00,0,3.600000e+00
2.254780e+00,3.914000e-01,1.570796e+00,0,3.600000e+00
2.254780e+00,4.014000e-01,1.570796e+00,0,3.600000e+00
2.254780e+00,4.114000e-01,1.570796e+00,0,3.600000e+00
2.254780e+00,4.214000e-01,1.570796e+00,0,3.600000e+00
2.254780e+00,4.314000e-01,1.570796e+00,0,3.600000e+00
2.254780e+00,4.414000e-01,1.570796e+00,0,3.600000e+00
2.254780e+00,4.514000e-01,1.570796e+00,0,3.600000e+00
2.254780e+00,4.614000e-01,1.570796e+00,0,3.600000e+00
2.254780e+00,4.714000e-01,1.570796e+00,0,3.600000e+00
2.254780e+00,4.814000e-01,1.570796e+00,0,3.600000e+00
2.254780e+00,4.914000e-01,1.570796e+00,0,3.600000e+00
2.254780e+00,5.014000e-01,1.570796e+00,0,3.600000e+00
2.254780e+00,5.114000e-01,1.570796e+00,0,3.600000e+00
2.254780e+00,5.214000e-01,1.570796e+00,0,3.600000e+00
2.254780e+00,5.314000e-01,1.570796e+00,0,3.600000e+00
2.254780e+00,5.414000e-01,1.570796e+00,0,3.600000e+00
2.254780e+00,5.514000e-01,1.570796e+00,0,3.600000e+00
2.254780e+00,5.614000e-01,1.570796e+00,0,3.600000e+00
2.254780e+00,5.714000e-01,1.570796e+00,0,3.600000e+00
2.254780e+00,5.814000e-01,1.570796e+00,0,3.600000e+00
2.254780e+00,5.914000e-01,1.570796e+00,0,3.600000e+00
2.254780e+00,6.014000e-01,1.570796e+00,0,3.600000e+00
2.254780e+00,6.114000e-01,1.570796e+00,0,3.600000e+00
2.254780e+00,6.214000e-01,1.570796e+00,0,3.600000e+00
2.254780e+00,6.314000e-01,1.570796e+00,0,3.600000e+00
2.254780e+00,6.414000e-01,1.570796e+00,0,3.600000e+00
2.254780e+00,6.514000e-01,1.570796e+00,0,3.600000e+00
2.254780e+00,6.614000e-01,1.570796e+00,0,3.600000e+00
2.254780e+00,6.714000e-01,1.570796e+00,0,3.600000e+00
2.254780e+00,6.814000e-01,1.570796e+00,0,3.600000e+00
2.254780e+00,6.914000e-01,1.570796e+00,0,3.600000e+00
2.254780e+00,7.014000e-01,1.570796e+00,0,3.600000e+00
2.254780e+00,7.114000e-01,1.570796e+00,0,3.600000e+00
2.254780e+00,7.214000e-01,1.570796e+00,0,3.600000e+00
2.254780e+00,7.314000e-01,1.570796e+00,0,3.600000e+00
2.254780e+00,7.414000e-01,1.570796e+00,0,3.600000e+00
2.254780e+00,7.514000e-01,1.570796e+00,0,3.600000e+00
2.254780e+00,7.614000e-01,1.570796e+00,0,3.600000e+00
2.254780e+00,7.714000e-01,1.570796e+00,0,3.600000e+00
2.254780e+00,7.814000e-01,1.570796e+00,0,3.600000e+00
2.254780e+00,7.914000e-01,1.570796e+00,0,3.600000e+00
2.254780e+00,8.014000e-01,1.570796e+00,0,3.600000e+00
2.254780e+00,8.114000e-01,1.570796e+00,0,3.600000e+00
2.254780e+00,8.214000e-01,1.570796e+00,0,3.600000e+00
2.254780e+00,8.314000e-01,1.570796e+00,0,3.600000e+00
2.254780e+00,8.414000e-01,1.570796e+00,0,3.600000e+00
2.254780e+00,8.514000e-01,1.570796e+00,0,3.600000e+00
2.254780e+00,8.614000e-01,1.570796e+00,0,3.600000e+00
2.254780e+00,8.714000e-01,1.570796e+00,0,3.600000e+00
2.254780e+00,8.814000e-01,1.570796e+00,0,3.600000e+00
2.254780e+00,8.914000e-01,1.570796e+00,0,3.600000e+00
2.254780e+00,9.014000e-01,1.570796e+00,0,3.600000e+00
2.254780e+00,9.114000e-01,1.570796e+00,0,3.600000e+00
2.254780e+00,9.214000e-01,1.570796e+00,0,3.600000e+00
2.254780e+00,9.314000e-01,1.570796e+00,0,3.600000e+00
2.254780e+00,9.414000e-01,1.570796e+00,0,3.600000e+00
2.254780e+00,9.514000e-01,1.570796e+00,0,3.600000e+00
2.254780e+00,9.614000e-01,1.570796e+00,0,3.600000e+00
2.254780e+00,9.714000e-01,1.570796e+00,0,3.600000e+00
2.254780e+00,9.814000e-01,1.570796e+00,0,3.600000e+00
2.254780e+00,9.914000e-01,1.570796e+00,0,3.600000e+00
2.254780e+00,1.001400e+00,1.570796e+00,0,3.600000e+00
2.254780e+00,1.011400e+00,1.570796e+00,0,3.600000e+00
2.254780e+00,1.021400e+00,1.570796e+00,0,3.600000e+00
2.254780e+00,1.031400e+00,1.570796e+00,0,3.600000e+00
2.254780e+00,1.041400e+00,1.570796e+00,0,3.600000e+00
2.254780e+00,1.051400e+00,1.570796e+00,0,3.600000e+00
2.254780e+00,1.061400e+00,1.570796e+00,0,3.600000e+00
2.254780e+00,1.071400e+00,1.570796e+00,0,3.600000e+00
2.254780e+00,1.081400e+00,1.570796e+00,0,3.600000e+00
2.254780e+00,1.091400e+00,1.570796e+00,0,3.600000e+00
2.254780e+00,1.101400e+00,1.570796e+00,0,3.600000e+00
2.254780e+00,1.111400e+00,1.570796e+00,0,3.600000e+00
2.254780e+00,1.121400e+00,1.570796e+00,0,3.600000e+00
2.254780e+00,1.131400e+00,1.570796e+00,0,3.600000e+00
2.254780e+00,1.141400e+00,1.570796e+00,0,3.600000e+00
2.254780e+00,1.151400e+00,1.570796e+00,0,3.600000e+00
2.254780e+00,1.161400e+00,1.570796e+00,0,3.600000e+00
2.254780e+00,1.171400e+00,1.570796e+00,0,3.600000e+00
2.254780e+00,1.181400e+00,1.570796e+00,0,3.600000e+00
2.254780e+00,1.191400e+00,1.570796e+00,0,3.600000e+00
2.254780e+00,1.201400e+00,1.570796e+00,0,3.600000e+00
2.254780e+00,1.211400e+00,1.570796e+00,0,3.600000e+00
2.254780e+00,1.221400e+00,1.570796e+00,0,3.600000e+00
2.254780e+00,1.231400e+00,1.570796e+00,0,3.600000e+00
2.254780e+00,1.241400e+00,1.570796e+00,0,3.600000e+00
2.254780e+00,1.251400e+00,1.570796e+00,0,3.600000e+00
2.254780e+00,1.261400e+00,1.570796e+00,0,3.600000e+00
2.254780e+00,1.271400e+00,1.570796e+00,0,3.600000e+00
2.254780e+00,1.281400e+00,1.570796e+00,0,3.600000e+00
2.254780e+00,1.291400e+00,1.570796e+00,0,3.600000e+00
2.254780e+00,1.301400e+00,1.570796e+00,0,3.600000e+00
2.254780e+00,1.311400e+00,1.570796e+00,0,3.600000e+00
2.254780e+00,1.321400e+00,1.570796e+00,0,3.600000e+00
2.254780e+00,1.331400e+00,1.570796e+00,0,3.600000e+00
2.254780e+00,1.341400e+00,1.570796e+00,0,3.600000e+00
2.254780e+00,1.351400e+00,1.570796e+00,0,3.600000e+00
2.254780e+00,1.361400e+00,1.570796e+00,0,3.600000e+00
2.254780e+00,1.371400e+00,1.570796e+00,0,3.600000e+00
2.254780e+00,1.381400e+00,1.570796e+00,0,3.600000e+00
2.254780e+00,1.391400e+00,1.570796e+00,0,3.600000e+00
2.254780e+00,1.401400e+00,1.570796e+00,0,3.600000e+00
2.254780e+00,1.411400e+00,1.570796e+00,0,3.600000e+00
2.254780e+00,1.421400e+00,1.570796e+00,0,3.600000e+00
2.254780e+00,1.431400e+00,1.570796e+00,0,3.600000e+00
2.254780e+00,1.441400e+00,1.570796e+00,0,3.600000e+00
2.254780e+00,1.451400e+00,1.570796e+00,0,3.600000e+00
2.254780e+00,1.461400e+00,1.570796e+00,0,3.600000e+00
2.254780e+00,1.471400e+00,1.570796e+00,0,3.600000e+00
2.254780e+00,1.481400e+00,1.570796e+00,0,3.600000e+00
2.254780e+00,1.491400e+00,1.570796e+00,0,3.600000e+00
2.254780e+00,1.501400e+00,1.570796e+00,0,3.600000e+00
2.254780e+00,1.511400e+00,1.570796e+00,0,3.600000e+00
2.254780e+00,1.521400e+00,1.570796e+00,0,3.600000e+00
2.254780e+00,1.531400e+00,1.570796e+00,0,3.600000e+00
2.254780e+00,1.541400e+00,1.570796e+00,0,3.600000e+00
2.254780e+00,1.551400e+00,1.570796e+00,0,3.600000e+00
2.254780e+00,1.561400e+00,1.570796e+00,0,3.600000e+00
2.254780e+00,1.571400e+00,1.570796e+00,0,3.600000e+00
2.254780e+00,1.581400e+00,1.570796e+00,0,3.600000e+00
2.254780e+00,1.591400e+00,1.570796e+00,0,3.600000e+00
2.254780e+00,1.601400e+00,1.570796e+00,0,3.600000e+00
2.254780e+00,1.611400e+00,1.570796e+00,0,3.600000e+00
2.254780e+00,1.621400e+00,1.570796e+00,0,3.600000e+00
2.254780e+00,1.631400e+00,1.570796e+00,0,3.600000e+00
2.254780e+00,1.641400e+00,1.570796e+00,0,3.600000e+00
2.254780e+00,1.651400e+00,1.570796e+00,0,3.600000e+00
2.254780e+00,1.661400e+00,1.570796e+00,0,3.600000e+00
2.254780e+00,1.671400e+00,1.570796e+00,0,3.600000e+00
2.254780e+00,1.681400e+00,1.570796e+00,0,3.600000e+00
2.254780e+00,1.691400e+00,1.570796e+00,0,3.600000e+00
2.254780e+00,1.701400e+00,1.570796e+00,0,3.600000e+00
2.254780e+00,1.711400e+00,1.570796e+00,0,3.600000e+00
2.254780e+00,1.721400e+00,1.570796e+00,0,3.600000e+00
2.254780e+00,1.731400e+00,1.570796e+00,0,3.600000e+00
2.254780e+00,1.741400e+00,1.570796e+00,0,3.600000e+00
2.254780e+00,1.751400e+00,1.570796e+00,0,3.600000e+00
2.254780e+00,1.761400e+00,1.570796e+00,0,3.600000e+00
2.254780e+00,1.771400e+00,1.570796e+00,0,3.600000e+00
2.254780e+00,1.781400e+00,1.570796e+00,0,3.600000e+00
2.254780e+00,1.791400e+00,1.570796e+00,0,3.600000e+00
2.254780e+00,1.801400e+00,1.570796e+00,0,3.600000e+00
2.254780e+00,1.811400e+00,1.570796e+00,0,3.600000e+00
2.254780e+00,1.821400e+00,1.570796e+00,0,3.600000e+00
2.254780e+00,1.831400e+00,1.570796e+00,0,3.600000e+00
2.254780e+00,1.841400e+00,1.570796e+00,0,3.600000e+00
2.254780e+00,1.851400e+00,1.570796e+00,0,3.600000e+00
2.254780e+00,1.861400e+00,1.570796e+00,0,3.600000e+00
2.254780e+00,1.871400e+00,1.570796e+00,0,3.600000e+00
2.254780e+00,1.881400e+00,1.570796e+00,0,3.600000e+00
2.254780e+00,1.891400e+00,1.570796e+00,0,3.600000e+00
2.254780e+00,1.901400e+00,1.570796e+00,0,3.600000e+00
2.254780e+00,1.911400e+00,1.570796e+00,0,3.600000e+00
2.254780e+00,1.921400e+00,1.570796e+00,0,3.600000e+00
2.254780e+00,1.931400e+00,1.570796e+00,0,3.600000e+00
2.254780e+00,1.941400e+00,1.570796e+00,0,3.600000e+00
2.254780e+00,1.951400e+00,1.570796e+00,0,3.600000e+00
2.254780e+00,1.961400e+00,1.570796e+00,0,3.600000e+00
2.254780e+00,1.971400e+00,1.570796e+00,0,3.600000e+00
2.254780e+00,1.981400e+00,1.570796e+00,0,3.600000e+00
2.254780e+00,1.991400e+00,1.570796e+00,0,3.600000e+00
2.254780e+00,2.001400e+00,1.570796e+00,0,3.600000e+00
2.254780e+00,2.011400e+00,1.570796e+00,0,3.600000e+00
2.254780e+00,2.021400e+00,1.570796e+00,0,3.600000e+00
2.254780e+00,2.031400e+00,1.570796e+00,0,3.600000e+00
2.254780e+00,2.041400e+00,1.570796e+00,0,3.600000e+00
2.254780e+00,2.051400e+00,1.570796e+00,0,3.600000e+00
2.254780e+00,2.061400e+00,1.570796e+00,0,3.600000e+00
2.254780e+00,2.071400e+00,1.570796e+00,0,3.600000e+00
2.254780e+00,2.081400e+00,1.570796e+00,0,3.600000e+00
2.254780e+00,2.091400e+00,1.570796e+00,0,3.600000e+00
2.254780e+00,2.101400e+00,1.570796e+00,0,3.600000e+00
2.254780e+00,2.111400e+00,1.570796e+00,0,3.600000e+00
2.254780e+00,2.121400e+00,1.570796e+00,0,3.600000e+00
2.254780e+00,2.131400e+00,1.570796e+00,0,3.600000e+00
2.254780e+00,2.141400e+00,1.570796e+00,0,3.600000e+00
2.254780e+00,2.151400e+00,1.570796e+00,0,3.600000e+00
2.254780e+00,2.161400e+00,1.570796e+00,0,3.600000e+00
2.254780e+00,2.171400e+00,1.570796e+00,0,3.600000e+00
2.254780e+00,2.181400e+00,1.570796e+00,0,3.600000e+00
2.254780e+00,2.191400e+00,1.570796e+00,0,3.600000e+00
2.254780e+00,2.201400e+00,1.570796e+00,0,3.600000e+00
2.254780e+00,2.211400e+00,1.570796e+00,0,3.600000e+00
2.254780e+00,2.221400e+00,1.570796e+00,0,3.600000e+00
2.254780e+00,2.231400e+00,1.570796e+00,0,3.600000e+00
2.254780e+00,2.241400e+00,1.570796e+00,0,3.600000e+00
2.254780e+00,2.251400e+00,1.570796e+00,0,3.600000e+00
2.254780e+00,2.261400e+00,1.570796e+00,0,3.600000e+00
2.254780e+00,2.271400e+00,1.570796e+00,0,3.600000e+00
2.254780e+00,2.281400e+00,1.570796e+00,0,3.600000e+00
2.254780e+00,2.291400e+00,1.570796e+00,0,3.600000e+00
2.254780e+00,2.301400e+00,1.570796e+00,0,3.600000e+00
2.254780e+00,2.311400e+00,1.570796e+00,0,3.600000e+00
2.254780e+00,2.321400e+00,1.570796e+00,0,3.600000e+00
2.254780e+00,2.331400e+00,1.570796e+00,0,3.600000e+00
2.254780e+00,2.341400e+00,1.570796e+00,0,3.600000e+00
2.254780e+00,2.351400e+00,1.570796e+00,0,3.600000e+00
2.254780e+00,2.361400e+00,1.570796e+00,0,3.600000e+00
2.254780e+00,2.371400e+00,1.570796e+00,0,3.600000e+00
2.254780e+00,2.381400e+00,1.570796e+00,0,3.600000e+00
2.254780e+00,2.391400e+00,1.570796e+00,0,3.600000e+00
2.254780e+00,2.401400e+00,1.570796e+00,0,3.600000e+00
2.254780e+00,2.411400e+00,1.570796e+00,0,3.600000e+00
2.254780e+00,2.421400e+00,1.570796e+00,0,3.600000e+00
2.254780e+00,2.431400e+00,1.570796e+00,0,3.600000e+00
2.254780e+00,2.441400e+00,1.570796e+00,0,3.600000e+00
2.254780e+00,2.451400e+00,1.570796e+00,0,3.600000e+00
2.254780e+00,2.461400e+00,1.570796e+00,0,3.600000e+00
2.254780e+00,2.471400e+00,1.570796e+00,0,3.600000e+00
2.254780e+00,2.481400e+00,1.570796e+00,0,3.600000e+00
2.254780e+00,2.491400e+00,1.570796e+00,0,3.600000e+00
2.254780e+00,2.501400e+00,1.570796e+00,0,3.600000e+00
2.254780e+00,2.511400e+00,1.570796e+00,0,3.600000e+00
2.254780e+00,2.521400e+00,1.570796e+00,0,3.600000e+00
2.254780e+00,2.531400e+00,1.570796e+00,0,3.600000e+00
2.254780e+00,2.541400e+00,1.570796e+00,0,3.600000e+00
2.254780e+00,2.551400e+00,1.570796e+00,0,3.600000e+00
2.254780e+00,2.561400e+00,1.570796e+00,0,3.600000e+00
2.254780e+00,2.571400e+00,1.570796e+00,0,3.600000e+00
2.254780e+00,2.581400e+00,1.570796e+00,0,3.600000e+00
2.254780e+00,2.591400e+00,1.570796e+00,0,3.600000e+00
2.254780e+00,2.601400e+00,1.570796e+00,0,3.600000e+00
2.254780e+00,2.611400e+00,1.570796e+00,0,3.600000e+00
2.254780e+00,2.621400e+00,1.570796e+00,0,3.600000e+00
2.254780e+00,2.631400e+00,1.570796e+00,0,3.600000e+00
2.254780e+00,2.641400e+00,1.570796e+00,0,3.600000e+00
2.254780e+00,2.651400e+00,1.570796e+00,0,3.600000e+00
2.254780e+00,2.661400e+00,1.570796e+00,0,3.600000e+00
2.254780e+00,2.671400e+00,1.570796e+00,0,3.600000e+00
2.254780e+00,2.681400e+00,1.570796e+00,0,3.600000e+00
2.254780e+00,2.691400e+00,1.570796e+00,0,3.600000e+00
2.254780e+00,2.701400e+00,1.570796e+00,0,3.600000e+00
2.254780e+00,2.711400e+00,1.570796e+00,0,3.600000e+00
2.254780e+00,2.721400e+00,1.570796e+00,0,3.600000e+00
2.254780e+00,2.731400e+00,1.570796e+00,0,3.600000e+00
2.254780e+00,2.741400e+00,1.570796e+00,0,3.600000e+00
2.254780e+00,2.751400e+00,1.570796e+00,0,3.600000e+00
2.254780e+00,2.761400e+00,1.570796e+00,0,3.600000e+00
2.254780e+00,2.771400e+00,1.570796e+00,0,3.600000e+00
2.254780e+00,2.781400e+00,1.570796e+00,0,3.600000e+00
2.254780e+00,2.791400e+00,1.570796e+00,0,3.600000e+00
2.254780e+00,2.801400e+00,1.570796e+00,0,3.600000e+00
2.254780e+00,2.811400e+00,1.570796e+00,0,3.600000e+00
2.254780e+00,2.821400e+00,1.570796e+00,0,3.600000e+00
2.254780e+00,2.831400e+00,1.570796e+00,0,3.600000e+00
2.254780e+00,2.841400e+00,1.570796e+00,0,3.600000e+00
2.254780e+00,2.851400e+00,1.570796e+00,0,3.600000e+00
2.254780e+00,2.861400e+00,1.570796e+00,0,3.600000e+00
2.254780e+00,2.871400e+00,1.570796e+00,0,3.600000e+00
2.254780e+00,2.881400e+00,1.570796e+00,0,3.600000e+00
2.254780e+00,2.891400e+00,1.570796e+00,0,3.600000e+00
2.254780e+00,2.901400e+00,1.570796e+00,0,3.600000e+00
2.254780e+00,2.911400e+00,1.570796e+00,0,3.600000e+00
2.254780e+00,2.921400e+00,1.570796e+00,0,3.600000e+00
2.254780e+00,2.931400e+00,1.570796e+00,0,3.600000e+00
2.254780e+00,2.941400e+00,1.570796e+00,0,3.600000e+00
2.254780e+00,2.951400e+00,1.570796e+00,0,3.600000e+00
2.254780e+00,2.961400e+00,1.570796e+00,0,3.600000e+00
2.254780e+00,2.967030e+00,1.570796e+00,0,3.600000e+00
2.254780e+00,2.977030e+00,1.570796e+00,0,3.600000e+00
2.254780e+00,2.987030e+00,1.570796e+00,0,3.600000e+00
2.254780e+00,2.997030e+00,1.570796e+00,0,3.600000e+00
2.254780e+00,3.006608e+00,1.570796e+00,0,3.600000e+00
2.254780e+00,3.016008e+00,1.570796e+00,0,3.600000e+00
2.254780e+00,3.025408e+00,1.570796e+00,0,3.600000e+00
2.254780e+00,3.034808e+00,1.570796e+00,0,3.600000e+00
2.254780e+00,3.044208e+00,1.570796e+00,0,3.600000e+00
2.254780e+00,3.053608e+00,1.570796e+00,0,3.600000e+00
2.254780e+00,3.063008e+00,1.570796e+00,0,3.600000e+00
2.254780e+00,3.072408e+00,1.570796e+00,0,3.600000e+00
2.254780e+00,3.081808e+00,1.570796e+00,0,3.600000e+00
2.254780e+00,3.091208e+00,1.570796e+00,0,3.600000e+00
2.254780e+00,3.100608e+00,1.570796e+00,0,3.600000e+00
2.254780e+00,3.110008e+00,1.570796e+00,0,3.600000e+00
2.254780e+00,3.119408e+00,1.570796e+00,0,3.600000e+00
2.254780e+00,3.128808e+00,1.570796e+00,0,3.600000e+00
2.254780e+00,3.138208e+00,1.570796e+00,0,3.600000e+00
2.254780e+00,3.147608e+00,1.570796e+00,0,3.600000e+00
2.254780e+00,3.157008e+00,1.570796e+00,0,3.600000e+00
2.254780e+00,3.166408e+00,1.570796e+00,0,3.600000e+00
2.254780e+00,3.175808e+00,1.570796e+00,0,3.600000e+00
2.254780e+00,3.185208e+00,1.570796e+00,0,3.600000e+00
2.254780e+00,3.194608e+00,1.570796e+00,0,3.600000e+00
2.254780e+00,3.204008e+00,1.570796e+00,0,3.600000e+00
2.254780e+00,3.213408e+00,1.570796e+00,0,3.600000e+00
2.254780e+00,3.222808e+00,1.570796e+00,0,3.600000e+00
2.254780e+00,3.232208e+00,1.570796e+00,0,3.600000e+00
2.254780e+00,3.241608e+00,1.570796e+00,0,3.600000e+00
2.254780e+00,3.251008e+00,1.570796e+00,0,3.600000e+00
2.254780e+00,3.260408e+00,1.570796e+00,0,3.600000e+00
2.254780e+00,3.269808e+00,1.570796e+00,0,3.600000e+00
2.254780e+00,3.279208e+00,1.570796e+00,0,3.600000e+00
2.254780e+00,3.288608e+00,1.570796e+00,0,3.600000e+00
2.254780e+00,3.298008e+00,1.570796e+00,0,3.600000e+00
2.254780e+00,3.307408e+00,1.570796e+00,0,3.600000e+00
2.254780e+00,3.316808e+00,1.570796e+00,0,3.600000e+00
2.254780e+00,3.326208e+00,1.570796e+00,0,3.600000e+00
2.254780e+00,3.335608e+00,1.570796e+00,0,3.600000e+00
2.254780e+00,3.345008e+00,1.570796e+00,0,3.600000e+00
2.254780e+00,3.354408e+00,1.570796e+00,0,3.600000e+00
2.254780e+00,3.363808e+00,1.570796e+00,0,3.600000e+00
2.254780e+00,3.373208e+00,1.570796e+00,0,3.600000e+00
2.254780e+00,3.382608e+00,1.570796e+00,0,3.600000e+00
2.254780e+00,3.392008e+00,1.570796e+00,0,3.600000e+00
2.254780e+00,3.401408e+00,1.570796e+00,0,3.600000e+00
2.254780e+00,3.410808e+00,1.570796e+00,0,3.600000e+00
2.254780e+00,3.420208e+00,1.570796e+00,0,3.600000e+00
2.254780e+00,3.429608e+00,1.570796e+00,0,3.600000e+00
2.254780e+00,3.439008e+00,1.570796e+00,0,3.600000e+00
2.254780e+00,3.448408e+00,1.570796e+00,0,3.600000e+00
2.254780e+00,3.457808e+00,1.570796e+00,0,3.600000e+00
2.254780e+00,3.467208e+00,1.570796e+00,0,3.600000e+00
2.254780e+00,3.476608e+00,1.570796e+00,0,3.600000e+00
2.254780e+00,3.486008e+00,1.570796e+00,0,3.600000e+00
2.254780e+00,3.495408e+00,1.570796e+00,0,3.600000e+00
2.254780e+00,3.504808e+00,1.570796e+00,0,1.600000e+00
2.254780e+00,3.514208e+00,1.570796e+00,0,1.600000e+00
2.254780e+00,3.523608e+00,1.570796e+00,0,1.600000e+00
2.254780e+00,3.533008e+00,1.570796e+00,0,1.600000e+00
2.254780e+00,3.542408e+00,1.570796e+00,0,1.600000e+00
2.254780e+00,3.551808e+00,1.570796e+00,0,1.600000e+00
2.254780e+00,3.561208e+00,1.570796e+00,0,1.600000e+00
2.254780e+00,3.570608e+00,1.570796e+00,0,1.600000e+00
2.254780e+00,3.580008e+00,1.570796e+00,0,1.600000e+00
2.254780e+00,3.589408e+00,1.570796e+00,0,1.600000e+00
2.254780e+00,3.598808e+00,1.570796e+00,0,1.600000e+00
2.254780e+00,3.608208e+00,1.570796e+00,0,1.600000e+00
2.254780e+00,3.617608e+00,1.570796e+00,0,1.600000e+00
2.254780e+00,3.627008e+00,1.570796e+00,0,1.600000e+00
2.254780e+00,3.636408e+00,1.570796e+00,0,1.600000e+00
2.254780e+00,3.645808e+00,1.570796e+00,0,1.600000e+00
2.254780e+00,3.655208e+00,1.570796e+00,0,1.600000e+00
2.254780e+00,3.664608e+00,1.570796e+00,0,1.600000e+00
2.254780e+00,3.674008e+00,1.570796e+00,0,1.600000e+00
2.254780e+00,3.683408e+00,1.570796e+00,0,1.600000e+00
2.254780e+00,3.692808e+00,1.570796e+00,0,1.600000e+00
2.254780e+00,3.702208e+00,1.570796e+00,0,1.600000e+00
2.254780e+00,3.711608e+00,1.570796e+00,0,1.600000e+00
2.254780e+00,3.721008e+00,1.570796e+00,0,1.600000e+00
2.254780e+00,3.730408e+00,1.570796e+00,0,1.600000e+00
2.254780e+00,3.739808e+00,1.570796e+00,0,1.600000e+00
2.254780e+00,3.749208e+00,1.570796e+00,0,1.600000e+00
2.254780e+00,3.758608e+00,1.570796e+00,2.838229e-01,1.600000e+00
2.254780e+00,3.768008e+00,1.576622e+00,2.838229e-01,1.600000e+00
2.254706e+00,3.779913e+00,1.592931e+00,2.838229e-01,1.600000e+00
2.254485e+00,3.789311e+00,1.607688e+00,2.838229e-01,1.600000e+00
2.254116e+00,3.798704e+00,1.622445e+00,2.838229e-01,1.600000e+00
2.253600e+00,3.808091e+00,1.637202e+00,2.838229e-01,1.600000e+00
2.252936e+00,3.817471e+00,1.651959e+00,2.838229e-01,1.600000e+00
2.252126e+00,3.826840e+00,1.666715e+00,2.838229e-01,1.600000e+00
2.251168e+00,3.836196e+00,1.681472e+00,2.838229e-01,1.600000e+00
2.250063e+00,3.845539e+00,1.696229e+00,2.838229e-01,1.600000e+00
2.248812e+00,3.854865e+00,1.710986e+00,2.838229e-01,1.600000e+00
2.247415e+00,3.864173e+00,1.725742e+00,2.838229e-01,1.600000e+00
2.245872e+00,3.873460e+00,1.740499e+00,2.838229e-01,1.600000e+00
2.244183e+00,3.882725e+00,1.755256e+00,2.838229e-01,1.600000e+00
2.242349e+00,3.891965e+00,1.770013e+00,2.838229e-01,1.600000e+00
2.240370e+00,3.901179e+00,1.784770e+00,2.838229e-01,1.600000e+00
2.238246e+00,3.910365e+00,1.799526e+00,2.838229e-01,1.600000e+00
2.235979e+00,3.919520e+00,1.814283e+00,2.838229e-01,1.600000e+00
2.233568e+00,3.928642e+00,1.829040e+00,2.838229e-01,1.600000e+00
2.231014e+00,3.937731e+00,1.843797e+00,2.838229e-01,1.600000e+00
2.228318e+00,3.946782e+00,1.858553e+00,2.838229e-01,1.600000e+00
2.225480e+00,3.955796e+00,1.873310e+00,2.838229e-01,1.600000e+00
2.222501e+00,3.964769e+00,1.888067e+00,2.838229e-01,1.600000e+00
2.219381e+00,3.973700e+00,1.902824e+00,2.838229e-01,1.600000e+00
2.216122e+00,3.982586e+00,1.917580e+00,2.838229e-01,1.600000e+00
2.212723e+00,3.991427e+00,1.932337e+00,2.838229e-01,1.600000e+00
2.209186e+00,4.000219e+00,1.947094e+00,2.838229e-01,1.600000e+00
2.205511e+00,4.008961e+00,1.961851e+00,2.838229e-01,1.600000e+00
2.201699e+00,4.017651e+00,1.976608e+00,2.838229e-01,1.600000e+00
2.197752e+00,4.026288e+00,1.991364e+00,2.838229e-01,1.600000e+00
2.193669e+00,4.034869e+00,2.006121e+00,2.838229e-01,1.600000e+00
2.189452e+00,4.043392e+00,2.020878e+00,2.838229e-01,1.600000e+00
2.185102e+00,4.051856e+00,2.035635e+00,2.838229e-01,1.600000e+00
2.180619e+00,4.060258e+00,2.050391e+00,2.838229e-01,1.600000e+00
2.176005e+00,4.068598e+00,2.065148e+00,2.838229e-01,1.600000e+00
2.171260e+00,4.076872e+00,2.079905e+00,2.838229e-01,1.600000e+00
2.166386e+00,4.085080e+00,2.094662e+00,2.838229e-01,1.600000e+00
2.161384e+00,4.093219e+00,2.109418e+00,2.838229e-01,1.600000e+00
2.156254e+00,4.101288e+00,2.124175e+00,2.838229e-01,1.600000e+00
2.150999e+00,4.109285e+00,2.138932e+00,2.838229e-01,1.600000e+00
2.145618e+00,4.117208e+00,2.153689e+00,2.838229e-01,1.600000e+00
2.140114e+00,4.125056e+00,2.168446e+00,2.838229e-01,1.600000e+00
2.134487e+00,4.132827e+00,2.183202e+00,2.838229e-01,1.600000e+00
2.128739e+00,4.140518e+00,2.197959e+00,2.838229e-01,1.600000e+00
2.122870e+00,4.148129e+00,2.212716e+00,2.838229e-01,1.600000e+00
2.116883e+00,4.155658e+00,2.227473e+00,2.838229e-01,1.600000e+00
2.110778e+00,4.163103e+00,2.242229e+00,2.838229e-01,1.600000e+00
2.104557e+00,4.170463e+00,2.256986e+00,2.838229e-01,1.600000e+00
2.098221e+00,4.177735e+00,2.271743e+00,2.838229e-01,1.600000e+00
2.091772e+00,4.184919e+00,2.286500e+00,2.838229e-01,1.600000e+00
2.085210e+00,4.192012e+00,2.301257e+00,2.838229e-01,1.600000e+00
2.078538e+00,4.199014e+00,2.316013e+00,2.838229e-01,1.600000e+00
2.071757e+00,4.205922e+00,2.330770e+00,2.838229e-01,1.600000e+00
2.064868e+00,4.212736e+00,2.345527e+00,2.838229e-01,1.600000e+00
2.057873e+00,4.219453e+00,2.360284e+00,2.838229e-01,1.600000e+00
2.050773e+00,4.226073e+00,2.375040e+00,2.838229e-01,1.600000e+00
2.043570e+00,4.232593e+00,2.389797e+00,2.838229e-01,1.600000e+00
2.036266e+00,4.239013e+00,2.404554e+00,2.838229e-01,1.600000e+00
2.028861e+00,4.245330e+00,2.419311e+00,2.838229e-01,1.600000e+00
2.021358e+00,4.251545e+00,2.434067e+00,2.838229e-01,1.600000e+00
2.013758e+00,4.257654e+00,2.448824e+00,2.838229e-01,1.600000e+00
2.006064e+00,4.263658e+00,2.463581e+00,2.838229e-01,1.600000e+00
1.998276e+00,4.269554e+00,2.478338e+00,2.838229e-01,1.600000e+00
1.990396e+00,4.275341e+00,2.493095e+00,2.838229e-01,1.600000e+00
1.982426e+00,4.281019e+00,2.507851e+00,2.838229e-01,1.600000e+00
1.974368e+00,4.286585e+00,2.522608e+00,2.838229e-01,1.600000e+00
1.966223e+00,4.292039e+00,2.537365e+00,2.838229e-01,1.600000e+00
1.957994e+00,4.297379e+00,2.552122e+00,2.838229e-01,1.600000e+00
1.949682e+00,4.302605e+00,2.566878e+00,2.838229e-01,1.600000e+00
1.941288e+00,4.307714e+00,2.581635e+00,2.838229e-01,1.600000e+00
1.932815e+00,4.312707e+00,2.596392e+00,2.838229e-01,1.600000e+00
1.924265e+00,4.317582e+00,2.611149e+00,2.838229e-01,1.600000e+00
1.915640e+00,4.322338e+00,2.625905e+00,2.838229e-01,1.600000e+00
1.906940e+00,4.326973e+00,2.640662e+00,2.838229e-01,1.600000e+00
1.898169e+00,4.331487e+00,2.655419e+00,2.838229e-01,1.600000e+00
1.889328e+00,4.335879e+00,2.670176e+00,2.838229e-01,1.600000e+00
1.880418e+00,4.340148e+00,2.684933e+00,2.838229e-01,1.600000e+00
1.871443e+00,4.344293e+00,2.699689e+00,2.838229e-01,1.600000e+00
1.862404e+00,4.348313e+00,2.714446e+00,2.838229e-01,1.600000e+00
1.853302e+00,4.352207e+00,2.729203e+00,2.838229e-01,1.600000e+00
1.844141e+00,4.355975e+00,2.743960e+00,2.838229e-01,1.600000e+00
1.834921e+00,4.359615e+00,2.758716e+00,2.838229e-01,1.600000e+00
1.825645e+00,4.363126e+00,2.773473e+00,2.838229e-01,1.600000e+00
1.816315e+00,4.366509e+00,2.788230e+00,2.838229e-01,1.600000e+00
1.806933e+00,4.369762e+00,2.802987e+00,2.838229e-01,1.600000e+00
1.797501e+00,4.372884e+00,2.817744e+00,2.838229e-01,1.600000e+00
1.788021e+00,4.375876e+00,2.832500e+00,2.838229e-01,1.600000e+00
1.778495e+00,4.378735e+00,2.847257e+00,2.838229e-01,1.600000e+00
1.768925e+00,4.381462e+00,2.862014e+00,2.838229e-01,1.600000e+00
1.759314e+00,4.384056e+00,2.876771e+00,2.838229e-01,1.600000e+00
1.749662e+00,4.386516e+00,2.891527e+00,2.838229e-01,1.600000e+00
1.739973e+00,4.388842e+00,2.906284e+00,2.838229e-01,1.600000e+00
1.730249e+00,4.391034e+00,2.921041e+00,2.838229e-01,1.600000e+00
1.720491e+00,4.393090e+00,2.935798e+00,2.838229e-01,1.600000e+00
1.710702e+00,4.395011e+00,2.950554e+00,2.838229e-01,1.600000e+00
1.700884e+00,4.396796e+00,2.965311e+00,2.838229e-01,1.600000e+00
1.691040e+00,4.398444e+00,2.980068e+00,2.838229e-01,1.600000e+00
1.681170e+00,4.399956e+00,2.994825e+00,2.838229e-01,1.600000e+00
1.671277e+00,4.401331e+00,3.009582e+00,2.838229e-01,1.600000e+00
1.661365e+00,4.402568e+00,3.024338e+00,2.838229e-01,1.600000e+00
1.651433e+00,4.403668e+00,3.039095e+00,2.838229e-01,1.600000e+00
1.641486e+00,4.404630e+00,3.053852e+00,2.838229e-01,1.600000e+00
1.631524e+00,4.405453e+00,3.068609e+00,2.838229e-01,1.600000e+00
1.621551e+00,4.406139e+00,3.083365e+00,2.838229e-01,1.600000e+00
1.611568e+00,4.406686e+00,3.098122e+00,2.838229e-01,1.600000e+00
1.601578e+00,4.407094e+00,3.112879e+00,2.838229e-01,1.600000e+00
1.591582e+00,4.407364e+00,3.127636e+00,2.838229e-01,1.600000e+00
1.581583e+00,4.407495e+00,3.140578e+00,2.838229e-01,1.600000e+00
1.567125e+00,4.407509e+00,3.141593e+00,0,1.600000e+00
1.557125e+00,4.407509e+00,3.141593e+00,0,1.600000e+00
1.547125e+00,4.407509e+00,3.141593e+00,0,1.600000e+00
1.537125e+00,4.407509e+00,3.141593e+00,0,1.600000e+00
1.527125e+00,4.407509e+00,3.141593e+00,0,1.600000e+00
1.517125e+00,4.407509e+00,3.141593e+00,0,3.600000e+00
1.507125e+00,4.407509e+00,3.141593e+00,0,3.600000e+00
1.497125e+00,4.407509e+00,3.141593e+00,0,3.600000e+00
1.487125e+00,4.407509e+00,3.141593e+00,0,3.600000e+00
1.477125e+00,4.407509e+00,3.141593e+00,0,3.600000e+00
1.467125e+00,4.407509e+00,3.141593e+00,0,3.600000e+00
1.457125e+00,4.407509e+00,3.141593e+00,0,3.600000e+00
1.447125e+00,4.407509e+00,3.141593e+00,0,3.600000e+00
1.437125e+00,4.407509e+00,3.141593e+00,0,3.600000e+00
1.427125e+00,4.407509e+00,3.141593e+00,0,3.600000e+00
1.417125e+00,4.407509e+00,3.141593e+00,0,3.600000e+00
1.407125e+00,4.407509e+00,3.141593e+00,0,3.600000e+00
1.397125e+00,4.407509e+00,3.141593e+00,0,3.600000e+00
1.387125e+00,4.407509e+00,3.141593e+00,0,3.600000e+00
1.377125e+00,4.407509e+00,3.141593e+00,0,3.600000e+00
1.367125e+00,4.407509e+00,3.141593e+00,0,3.600000e+00
1.357125e+00,4.407509e+00,3.141593e+00,0,3.600000e+00
1.347125e+00,4.407509e+00,3.141593e+00,0,3.600000e+00
1.337125e+00,4.407509e+00,3.141593e+00,0,3.600000e+00
1.327125e+00,4.407509e+00,3.141593e+00,0,3.600000e+00
1.317125e+00,4.407509e+00,3.141593e+00,0,3.600000e+00
1.307125e+00,4.407509e+00,3.141593e+00,0,3.600000e+00
1.297125e+00,4.407509e+00,3.141593e+00,0,3.600000e+00
1.287125e+00,4.407509e+00,3.141593e+00,0,3.600000e+00
1.277125e+00,4.407509e+00,3.141593e+00,0,3.600000e+00
1.267125e+00,4.407509e+00,3.141593e+00,0,3.600000e+00
1.257125e+00,4.407509e+00,3.141593e+00,0,3.600000e+00
1.247125e+00,4.407509e+00,3.141593e+00,0,3.600000e+00
1.237125e+00,4.407509e+00,3.141593e+00,0,3.600000e+00
1.227125e+00,4.407509e+00,3.141593e+00,0,3.600000e+00
1.217125e+00,4.407509e+00,3.141593e+00,0,3.600000e+00
1.207125e+00,4.407509e+00,3.141593e+00,0,3.600000e+00
1.197125e+00,4.407509e+00,3.141593e+00,0,3.600000e+00
1.187125e+00,4.407509e+00,3.141593e+00,0,3.600000e+00
1.177125e+00,4.407509e+00,3.141593e+00,0,3.600000e+00
1.167125e+00,4.407509e+00,3.141593e+00,0,3.600000e+00
1.157125e+00,4.407509e+00,3.141593e+00,0,3.600000e+00
1.147125e+00,4.407509e+00,3.141593e+00,0,3.600000e+00
1.137125e+00,4.407509e+00,3.141593e+00,0,3.600000e+00
1.127125e+00,4.407509e+00,3.141593e+00,0,3.600000e+00
1.117125e+00,4.407509e+00,3.141593e+00,0,3.600000e+00
1.107125e+00,4.407509e+00,3.141593e+00,0,3.600000e+00
1.097125e+00,4.407509e+00,3.141593e+00,0,3.600000e+00
1.087125e+00,4.407509e+00,3.141593e+00,0,3.600000e+00
1.077125e+00,4.407509e+00,3.141593e+00,0,3.600000e+00
1.067125e+00,4.407509e+00,3.141593e+00,0,3.600000e+00
1.057125e+00,4.407509e+00,3.141593e+00,0,3.600000e+00
1.047125e+00,4.407509e+00,3.141593e+00,0,3.600000e+00
1.037125e+00,4.407509e+00,3.141593e+00,0,3.600000e+00
1.027125e+00,4.407509e+00,3.141593e+00,0,3.600000e+00
1.017125e+00,4.407509e+00,3.141593e+00,0,3.600000e+00
1.007125e+00,4.407509e+00,3.141593e+00,0,3.600000e+00
9.972400e-01,4.407509e+00,3.141593e+00,0,3.600000e+00
9.876400e-01,4.407509e+00,3.141593e+00,0,3.600000e+00
9.780400e-01,4.407509e+00,3.141593e+00,0,3.600000e+00
9.684400e-01,4.407509e+00,3.141593e+00,0,3.600000e+00
9.588400e-01,4.407509e+00,3.141593e+00,0,3.600000e+00
9.492400e-01,4.407509e+00,3.141593e+00,0,3.600000e+00
9.396400e-01,4.407509e+00,3.141593e+00,0,3.600000e+00
9.300400e-01,4.407509e+00,3.141593e+00,0,3.600000e+00
9.204400e-01,4.407509e+00,3.141593e+00,0,3.600000e+00
9.108400e-01,4.407509e+00,3.141593e+00,0,3.600000e+00
9.012400e-01,4.407509e+00,3.141593e+00,0,3.600000e+00
8.916400e-01,4.407509e+00,3.141593e+00,0,3.600000e+00
8.820400e-01,4.407509e+00,3.141593e+00,0,3.600000e+00
8.724400e-01,4.407509e+00,3.141593e+00,0,3.600000e+00
8.628400e-01,4.407509e+00,3.141593e+00,0,3.600000e+00
8.532400e-01,4.407509e+00,3.141593e+00,0,3.600000e+00
8.436400e-01,4.407509e+00,3.141593e+00,0,3.600000e+00
8.340400e-01,4.407509e+00,3.141593e+00,0,3.600000e+00
8.244400e-01,4.407509e+00,3.141593e+00,0,3.600000e+00
8.148400e-01,4.407509e+00,3.141593e+00,0,3.600000e+00
8.052400e-01,4.407509e+00,3.141593e+00,0,3.600000e+00
7.956400e-01,4.407509e+00,3.141593e+00,0,3.600000e+00
7.860400e-01,4.407509e+00,3.141593e+00,0,3.600000e+00
7.764400e-01,4.407509e+00,3.141593e+00,0,3.600000e+00
7.668400e-01,4.407509e+00,3.141593e+00,0,3.600000e+00
7.572400e-01,4.407509e+00,3.141593e+00,0,3.600000e+00
7.476400e-01,4.407509e+00,3.141593e+00,0,3.600000e+00
7.380400e-01,4.407509e+00,3.141593e+00,0,3.600000e+00
7.284400e-01,4.407509e+00,3.141593e+00,0,3.600000e+00
7.188400e-01,4.407509e+00,3.141593e+00,0,3.600000e+00
7.092400e-01,4.407509e+00,3.141593e+00,0,3.600000e+00
6.996400e-01,4.407509e+00,3.141593e+00,0,3.600000e+00
6.900400e-01,4.407509e+00,3.141593e+00,0,3.600000e+00
6.804400e-01,4.407509e+00,3.141593e+00,0,3.600000e+00
6.708400e-01,4.407509e+00,3.141593e+00,0,3.600000e+00
6.612400e-01,4.407509e+00,3.141593e+00,0,3.600000e+00
6.516400e-01,4.407509e+00,3.141593e+00,0,3.600000e+00
6.420400e-01,4.407509e+00,3.141593e+00,0,3.600000e+00
6.324400e-01,4.407509e+00,3.141593e+00,0,3.600000e+00
6.228400e-01,4.407509e+00,3.141593e+00,0,3.600000e+00
6.132400e-01,4.407509e+00,3.141593e+00,0,3.600000e+00
6.036400e-01,4.407509e+00,3.141593e+00,0,3.600000e+00
5.940400e-01,4.407509e+00,3.141593e+00,0,3.600000e+00
5.844400e-01,4.407509e+00,3.141593e+00,0,3.600000e+00
5.748400e-01,4.407509e+00,3.141593e+00,0,3.600000e+00
5.652400e-01,4.407509e+00,3.141593e+00,0,3.600000e+00
5.556400e-01,4.407509e+00,3.141593e+00,0,3.600000e+00
5.460400e-01,4.407509e+00,3.141593e+00,0,3.600000e+00
5.364400e-01,4.407509e+00,3.141593e+00,0,3.600000e+00
5.268400e-01,4.407509e+00,3.141593e+00,0,3.600000e+00
5.172400e-01,4.407509e+00,3.141593e+00,0,3.600000e+00
5.076400e-01,4.407509e+00,3.141593e+00,0,3.600000e+00
4.980400e-01,4.407509e+00,3.141593e+00,0,3.600000e+00
4.884400e-01,4.407509e+00,3.141593e+00,0,3.600000e+00
4.788400e-01,4.407509e+00,3.141593e+00,0,3.600000e+00
4.692400e-01,4.407509e+00,3.141593e+00,0,3.600000e+00
4.596400e-01,4.407509e+00,3.141593e+00,0,3.600000e+00
4.500400e-01,4.407509e+00,3.141593e+00,0,3.600000e+00
4.404400e-01,4.407509e+00,3.141593e+00,0,3.600000e+00
4.308400e-01,4.407509e+00,3.141593e+00,0,3.600000e+00
4.212400e-01,4.407509e+00,3.141593e+00,0,3.600000e+00
4.116400e-01,4.407509e+00,3.141593e+00,0,3.600000e+00
4.020400e-01,4.407509e+00,3.141593e+00,0,3.600000e+00
3.924400e-01,4.407509e+00,3.141593e+00,0,3.600000e+00
3.828400e-01,4.407509e+00,3.141593e+00,0,3.600000e+00
3.732400e-01,4.407509e+00,3.141593e+00,0,3.600000e+00
3.636400e-01,4.407509e+00,3.141593e+00,0,3.600000e+00
3.540400e-01,4.407509e+00,3.141593e+00,0,3.600000e+00
3.444400e-01,4.407509e+00,3.141593e+00,0,3.600000e+00
3.348400e-01,4.407509e+00,3.141593e+00,0,3.600000e+00
3.252400e-01,4.407509e+00,3.141593e+00,0,3.600000e+00
3.156400e-01,4.407509e+00,3.141593e+00,0,3.600000e+00
3.060400e-01,4.407509e+00,3.141593e+00,0,3.600000e+00
2.964400e-01,4.407509e+00,3.141593e+00,0,3.600000e+00
2.868400e-01,4.407509e+00,3.141593e+00,0,3.600000e+00
2.772400e-01,4.407509e+00,3.141593e+00,0,3.600000e+00
2.676400e-01,4.407509e+00,3.141593e+00,0,3.600000e+00
2.580400e-01,4.407509e+00,3.141593e+00,0,3.600000e+00
2.484400e-01,4.407509e+00,3.141593e+00,0,3.600000e+00
2.388400e-01,4.407509e+00,3.141593e+00,0,3.600000e+00
2.292400e-01,4.407509e+00,3.141593e+00,0,3.600000e+00
2.196400e-01,4.407509e+00,3.141593e+00,0,3.600000e+00
2.100400e-01,4.407509e+00,3.141593e+00,0,3.600000e+00
2.004400e-01,4.407509e+00,3.141593e+00,0,3.600000e+00
1.908400e-01,4.407509e+00,3.141593e+00,0,3.600000e+00
1.812400e-01,4.407509e+00,3.141593e+00,0,3.600000e+00
1.716400e-01,4.407509e+00,3.141593e+00,0,3.600000e+00
1.620400e-01,4.407509e+00,3.141593e+00,0,3.600000e+00
1.524400e-01,4.407509e+00,3.141593e+00,0,3.600000e+00
1.428400e-01,4.407509e+00,3.141593e+00,0,3.600000e+00
1.332400e-01,4.407509e+00,3.141593e+00,0,3.600000e+00
1.236400e-01,4.407509e+00,3.141593e+00,0,3.600000e+00
1.140400e-01,4.407509e+00,3.141593e+00,0,3.600000e+00
1.044400e-01,4.407509e+00,3.141593e+00,0,3.600000e+00
9.484000e-02,4.407509e+00,3.141593e+00,0,3.600000e+00
8.524000e-02,4.407509e+00,3.141593e+00,0,3.600000e+00
7.564000e-02,4.407509e+00,3.141593e+00,0,3.600000e+00
6.604000e-02,4.407509e+00,3.141593e+00,0,3.600000e+00
5.644000e-02,4.407509e+00,3.141593e+00,0,3.600000e+00
4.684000e-02,4.407509e+00,3.141593e+00,0,3.600000e+00
0,4.407509e+00,3.141593e+00,0,3.600000e+00
3.040000e-02,4.407509e+00,3.141593e+00,0,3.600000e+00
2.080000e-02,4.407509e+00,3.141593e+00,0,3.600000e+00
1.120000e-02,4.407509e+00,3.141593e+00,0,3.600000e+00
1.600000e-03,4.407509e+00,3.141593e+00,0,3.600000e+00
-8.000000e-03,4.407509e+00,3.141593e+00,0,3.600000e+00
-1.760000e-02,4.407509e+00,3.141593e+00,0,3.600000e+00
-2.720000e-02,4.407509e+00,3.141593e+00,0,3.600000e+00
-3.680000e-02,4.407509e+00,3.141593e+00,0,3.600000e+00
-4.640000e-02,4.407509e+00,3.141593e+00,0,3.600000e+00
-5.600000e-02,4.407509e+00,3.141593e+00,0,3.600000e+00
-6.560000e-02,4.407509e+00,3.141593e+00,0,3.600000e+00
-7.520000e-02,4.407509e+00,3.141593e+00,0,3.600000e+00
-8.480000e-02,4.407509e+00,3.141593e+00,0,3.600000e+00
-9.440000e-02,4.407509e+00,3.141593e+00,0,3.600000e+00
-1.040000e-01,4.407509e+00,3.141593e+00,0,3.600000e+00
-1.136000e-01,4.407509e+00,3.141593e+00,0,3.600000e+00
-1.232000e-01,4.407509e+00,3.141593e+00,0,3.600000e+00
-1.328000e-01,4.407509e+00,3.141593e+00,0,3.600000e+00
-1.424000e-01,4.407509e+00,3.141593e+00,0,3.600000e+00
-1.520000e-01,4.407509e+00,3.141593e+00,0,3.600000e+00
-1.616000e-01,4.407509e+00,3.141593e+00,0,3.600000e+00
-1.712000e-01,4.407509e+00,3.141593e+00,0,3.600000e+00
-1.808000e-01,4.407509e+00,3.141593e+00,0,3.600000e+00
-1.904000e-01,4.407509e+00,3.141593e+00,0,3.600000e+00
-2.000000e-01,4.407509e+00,3.141593e+00,0,3.600000e+00
-2.096000e-01,4.407509e+00,3.141593e+00,0,3.600000e+00
-2.192000e-01,4.407509e+00,3.141593e+00,0,3.600000e+00
-2.288000e-01,4.407509e+00,3.141593e+00,0,3.600000e+00
-2.384000e-01,4.407509e+00,3.141593e+00,0,3.600000e+00
-2.480000e-01,4.407509e+00,3.141593e+00,0,3.600000e+00
-2.576000e-01,4.407509e+00,3.141593e+00,0,3.600000e+00
-2.672000e-01,4.407509e+00,3.141593e+00,0,3.600000e+00
-2.768000e-01,4.407509e+00,3.141593e+00,0,3.600000e+00
-2.864000e-01,4.407509e+00,3.141593e+00,0,3.600000e+00
-2.960000e-01,4.407509e+00,3.141593e+00,0,3.600000e+00
-3.056000e-01,4.407509e+00,3.141593e+00,0,3.600000e+00
-3.152000e-01,4.407509e+00,3.141593e+00,0,3.600000e+00
-3.248000e-01,4.407509e+00,3.141593e+00,0,3.600000e+00
-3.344000e-01,4.407509e+00,3.141593e+00,0,3.600000e+00
-3.440000e-01,4.407509e+00,3.141593e+00,0,3.600000e+00
-3.536000e-01,4.407509e+00,3.141593e+00,0,3.600000e+00
-3.632000e-01,4.407509e+00,3.141593e+00,0,3.600000e+00
-3.728000e-01,4.407509e+00,3.141593e+00,0,3.600000e+00
-3.824000e-01,4.407509e+00,3.141593e+00,0,3.600000e+00
-3.920000e-01,4.407509e+00,3.141593e+00,0,3.600000e+00
-4.016000e-01,4.407509e+00,3.141593e+00,0,3.600000e+00
-4.112000e-01,4.407509e+00,3.141593e+00,0,3.600000e+00
-4.208000e-01,4.407509e+00,3.141593e+00,0,3.600000e+00
-4.304000e-01,4.407509e+00,3.141593e+00,0,3.600000e+00
-4.400000e-01,4.407509e+00,3.141593e+00,0,3.600000e+00
-4.496000e-01,4.407509e+00,3.141593e+00,0,3.600000e+00
-4.592000e-01,4.407509e+00,3.141593e+00,0,3.600000e+00
-4.688000e-01,4.407509e+00,3.141593e+00,0,3.600000e+00
-4.784000e-01,4.407509e+00,3.141593e+00,0,3.600000e+00
-4.880000e-01,4.407509e+00,3.141593e+00,0,3.600000e+00
-4.976000e-01,4.407509e+00,3.141593e+00,0,3.600000e+00
-5.072000e-01,4.407509e+00,3.141593e+00,0,3.600000e+00
-5.168000e-01,4.407509e+00,3.141593e+00,0,3.600000e+00
-5.264000e-01,4.407509e+00,3.141593e+00,0,3.600000e+00
-5.360000e-01,4.407509e+00,3.141593e+00,0,3.600000e+00
-5.456000e-01,4.407509e+00,3.141593e+00,0,3.600000e+00
-5.552000e-01,4.407509e+00,3.141593e+00,0,3.600000e+00
-5.648000e-01,4.407509e+00,3.141593e+00,0,3.600000e+00
-5.744000e-01,4.407509e+00,3.141593e+00,0,3.600000e+00
-5.840000e-01,4.407509e+00,3.141593e+00,0,3.600000e+00
-5.936000e-01,4.407509e+00,3.141593e+00,0,3.600000e+00
-6.032000e-01,4.407509e+00,3.141593e+00,0,3.600000e+00
-6.128000e-01,4.407509e+00,3.141593e+00,0,3.600000e+00
-6.224000e-01,4.407509e+00,3.141593e+00,0,3.600000e+00
-6.320000e-01,4.407509e+00,3.141593e+00,0,3.600000e+00
-6.416000e-01,4.407509e+00,3.141593e+00,0,3.600000e+00
-6.512000e-01,4.407509e+00,3.141593e+00,0,3.600000e+00
-6.608000e-01,4.407509e+00,3.141593e+00,0,3.600000e+00
-6.704000e-01,4.407509e+00,3.141593e+00,0,3.600000e+00
-6.800000e-01,4.407509e+00,3.141593e+00,0,3.600000e+00
-6.896000e-01,4.407509e+00,3.141593e+00,0,3.600000e+00
-6.992000e-01,4.407509e+00,3.141593e+00,0,3.600000e+00
-7.088000e-01,4.407509e+00,3.141593e+00,0,1.600000e+00
-7.184000e-01,4.407509e+00,3.141593e+00,0,1.600000e+00
-7.280000e-01,4.407509e+00,3.141593e+00,0,1.600000e+00
-7.370240e-01,4.407509e+00,3.141593e+00,0,1.600000e+00
-7.460480e-01,4.407509e+00,3.141593e+00,0,1.600000e+00
-7.550720e-01,4.407509e+00,3.141593e+00,0,1.600000e+00
-7.640960e-01,4.407509e+00,3.141593e+00,0,1.600000e+00
-7.731200e-01,4.407509e+00,3.141593e+00,0,1.600000e+00
-7.821440e-01,4.407509e+00,3.141593e+00,0,1.600000e+00
-7.911680e-01,4.407509e+00,3.141593e+00,0,1.600000e+00
-8.001920e-01,4.407509e+00,3.141593e+00,0,1.600000e+00
-8.092160e-01,4.407509e+00,3.141593e+00,0,1.600000e+00
-8.182400e-01,4.407509e+00,3.141593e+00,0,1.600000e+00
-8.272640e-01,4.407509e+00,3.141593e+00,0,1.600000e+00
-8.362880e-01,4.407509e+00,3.141593e+00,0,1.600000e+00
-8.453120e-01,4.407509e+00,3.141593e+00,0,1.600000e+00
-8.543360e-01,4.407509e+00,3.141593e+00,0,1.600000e+00
-8.633600e-01,4.407509e+00,3.141593e+00,0,1.600000e+00
-8.723840e-01,4.407509e+00,3.141593e+00,0,1.600000e+00
-8.814080e-01,4.407509e+00,3.141593e+00,0,1.600000e+00
-8.904320e-01,4.407509e+00,3.141593e+00,0,1.600000e+00
-8.994560e-01,4.407509e+00,3.141593e+00,0,1.600000e+00
-9.084800e-01,4.407509e+00,3.141593e+00,0,1.600000e+00
-9.175040e-01,4.407509e+00,3.141593e+00,0,1.600000e+00
-9.265280e-01,4.407509e+00,3.141593e+00,0,1.600000e+00
-9.355520e-01,4.407509e+00,3.141593e+00,0,1.600000e+00
-9.445760e-01,4.407509e+00,3.141593e+00,0,1.600000e+00
-9.536000e-01,4.407509e+00,3.141593e+00,0,1.600000e+00
-9.626240e-01,4.407509e+00,3.141593e+00,0,1.600000e+00
-9.716480e-01,4.407509e+00,3.141593e+00,0,1.600000e+00
-9.806720e-01,4.407509e+00,3.141593e+00,0,1.600000e+00
-9.896960e-01,4.407509e+00,-3.137208e+00,2.838229e-01,1.600000e+00
-1.001242e+00,4.407456e+00,-3.124764e+00,2.838229e-01,1.600000e+00
-1.010265e+00,4.407298e+00,-3.113545e+00,2.838229e-01,1.600000e+00
-1.019285e+00,4.407034e+00,-3.102325e+00,2.838229e-01,1.600000e+00
-1.028302e+00,4.406665e+00,-3.091106e+00,2.838229e-01,1.600000e+00
-1.037315e+00,4.406191e+00,-3.079887e+00,2.838229e-01,1.600000e+00
-1.046321e+00,4.405611e+00,-3.068668e+00,2.838229e-01,1.600000e+00
-1.055321e+00,4.404927e+00,-3.057449e+00,2.838229e-01,1.600000e+00
-1.064313e+00,4.404137e+00,-3.046230e+00,2.838229e-01,1.600000e+00
-1.073296e+00,4.403241e+00,-3.035010e+00,2.838229e-01,1.600000e+00
-1.082269e+00,4.402242e+00,-3.023791e+00,2.838229e-01,1.600000e+00
-1.091230e+00,4.401137e+00,-3.012572e+00,2.838229e-01,1.600000e+00
-1.100179e+00,4.399927e+00,-3.001353e+00,2.838229e-01,1.600000e+00
-1.109115e+00,4.398613e+00,-2.990134e+00,2.838229e-01,1.600000e+00
-1.118035e+00,4.397195e+00,-2.978914e+00,2.838229e-01,1.600000e+00
-1.126940e+00,4.395673e+00,-2.967695e+00,2.838229e-01,1.600000e+00
-1.135828e+00,4.394046e+00,-2.956476e+00,2.838229e-01,1.600000e+00
-1.144698e+00,4.392316e+00,-2.945257e+00,2.838229e-01,1.600000e+00
-1.153548e+00,4.390482e+00,-2.934038e+00,2.838229e-01,1.600000e+00
-1.162379e+00,4.388545e+00,-2.922818e+00,2.838229e-01,1.600000e+00
-1.171188e+00,4.386505e+00,-2.911599e+00,2.838229e-01,1.600000e+00
-1.179974e+00,4.384362e+00,-2.900380e+00,2.838229e-01,1.600000e+00
-1.188737e+00,4.382117e+00,-2.889161e+00,2.838229e-01,1.600000e+00
-1.197475e+00,4.379769e+00,-2.877942e+00,2.838229e-01,1.600000e+00
-1.206187e+00,4.377319e+00,-2.866723e+00,2.838229e-01,1.600000e+00
-1.214872e+00,4.374768e+00,-2.855503e+00,2.838229e-01,1.600000e+00
-1.223529e+00,4.372115e+00,-2.844284e+00,2.838229e-01,1.600000e+00
-1.232157e+00,4.369362e+00,-2.833065e+00,2.838229e-01,1.600000e+00
-1.240755e+00,4.366507e+00,-2.821846e+00,2.838229e-01,1.600000e+00
-1.249322e+00,4.363553e+00,-2.810627e+00,2.838229e-01,1.600000e+00
-1.257856e+00,4.360498e+00,-2.799407e+00,2.838229e-01,1.600000e+00
-1.266357e+00,4.357344e+00,-2.788188e+00,2.838229e-01,1.600000e+00
-1.274823e+00,4.354091e+00,-2.776969e+00,2.838229e-01,1.600000e+00
-1.283253e+00,4.350739e+00,-2.765750e+00,2.838229e-01,1.600000e+00
-1.291648e+00,4.347288e+00,-2.754531e+00,2.838229e-01,1.600000e+00
-1.300004e+00,4.343740e+00,-2.743311e+00,2.838229e-01,1.600000e+00
-1.308322e+00,4.340095e+00,-2.732092e+00,2.838229e-01,1.600000e+00
-1.316599e+00,4.336352e+00,-2.720873e+00,2.838229e-01,1.600000e+00
-1.324836e+00,4.332513e+00,-2.709654e+00,2.838229e-01,1.600000e+00
-1.333032e+00,4.328578e+00,-2.698435e+00,2.838229e-01,1.600000e+00
-1.341184e+00,4.324547e+00,-2.687215e+00,2.838229e-01,1.600000e+00
-1.349292e+00,4.320421e+00,-2.675996e+00,2.838229e-01,1.600000e+00
-1.357356e+00,4.316201e+00,-2.664777e+00,2.838229e-01,1.600000e+00
-1.365373e+00,4.311887e+00,-2.653558e+00,2.838229e-01,1.600000e+00
-1.373343e+00,4.307480e+00,-2.642339e+00,2.838229e-01,1.600000e+00
-1.381266e+00,4.302979e+00,-2.631120e+00,2.838229e-01,1.600000e+00
-1.389139e+00,4.298387e+00,-2.619900e+00,2.838229e-01,1.600000e+00
-1.396963e+00,4.293702e+00,-2.608681e+00,2.838229e-01,1.600000e+00
-1.404736e+00,4.288926e+00,-2.597462e+00,2.838229e-01,1.600000e+00
-1.412456e+00,4.284060e+00,-2.586243e+00,2.838229e-01,1.600000e+00
-1.420124e+00,4.279104e+00,-2.575024e+00,2.838229e-01,1.600000e+00
-1.427738e+00,4.274059e+00,-2.563804e+00,2.838229e-01,1.600000e+00
-1.435297e+00,4.268925e+00,-2.552585e+00,2.838229e-01,1.600000e+00
-1.442801e+00,4.263703e+00,-2.541366e+00,2.838229e-01,1.600000e+00
-1.450247e+00,4.258394e+00,-2.530147e+00,2.838229e-01,1.600000e+00
-1.457636e+00,4.252998e+00,-2.518928e+00,2.838229e-01,1.600000e+00
-1.464967e+00,4.247515e+00,-2.507708e+00,2.838229e-01,1.600000e+00
-1.472237e+00,4.241948e+00,-2.496489e+00,2.838229e-01,1.600000e+00
-1.479448e+00,4.236296e+00,-2.485270e+00,2.838229e-01,1.600000e+00
-1.486597e+00,4.230560e+00,-2.474051e+00,2.838229e-01,1.600000e+00
-1.493684e+00,4.224741e+00,-2.462832e+00,2.838229e-01,1.600000e+00
-1.500708e+00,4.218839e+00,-2.451613e+00,2.838229e-01,1.600000e+00
-1.507668e+00,4.212856e+00,-2.440393e+00,2.838229e-01,1.600000e+00
-1.514563e+00,4.206792e+00,-2.429174e+00,2.838229e-01,1.600000e+00
-1.521392e+00,4.200648e+00,-2.417955e+00,2.838229e-01,1.600000e+00
-1.528154e+00,4.194424e+00,-2.406736e+00,2.838229e-01,1.600000e+00
-1.534849e+00,4.188121e+00,-2.395517e+00,2.838229e-01,1.600000e+00
-1.541476e+00,4.181741e+00,-2.384297e+00,2.838229e-01,1.600000e+00
-1.548034e+00,4.175284e+00,-2.373078e+00,2.838229e-01,1.600000e+00
-1.554522e+00,4.168750e+00,-2.361859e+00,2.838229e-01,1.600000e+00
-1.560939e+00,4.162141e+00,-2.350640e+00,2.838229e-01,1.600000e+00
-1.567284e+00,4.155457e+00,-2.339421e+00,2.838229e-01,1.600000e+00
-1.573557e+00,4.148700e+00,-2.328201e+00,2.838229e-01,1.600000e+00
-1.579757e+00,4.141870e+00,-2.316982e+00,2.838229e-01,1.600000e+00
-1.585883e+00,4.134968e+00,-2.305763e+00,2.838229e-01,1.600000e+00
-1.591934e+00,4.127994e+00,-2.294544e+00,2.838229e-01,1.600000e+00
-1.597909e+00,4.120951e+00,-2.283325e+00,2.838229e-01,1.600000e+00
-1.603809e+00,4.113837e+00,-2.272105e+00,2.838229e-01,1.600000e+00
-1.609631e+00,4.106656e+00,-2.260886e+00,2.838229e-01,1.600000e+00
-1.615376e+00,4.099407e+00,-2.249667e+00,2.838229e-01,1.600000e+00
-1.621042e+00,4.092091e+00,-2.238448e+00,2.838229e-01,1.600000e+00
-1.626629e+00,4.084709e+00,-2.227229e+00,2.838229e-01,1.600000e+00
-1.632136e+00,4.077263e+00,-2.216010e+00,2.838229e-01,1.600000e+00
-1.637563e+00,4.069753e+00,-2.204790e+00,2.838229e-01,1.600000e+00
-1.642909e+00,4.062179e+00,-2.193571e+00,2.838229e-01,1.600000e+00
-1.648172e+00,4.054544e+00,-2.182352e+00,2.838229e-01,1.600000e+00
-1.653353e+00,4.046848e+00,-2.171133e+00,2.838229e-01,1.600000e+00
-1.658451e+00,4.039092e+00,-2.159914e+00,2.838229e-01,1.600000e+00
-1.663465e+00,4.031276e+00,-2.148694e+00,2.838229e-01,1.600000e+00
-1.668395e+00,4.023403e+00,-2.137475e+00,2.838229e-01,1.600000e+00
-1.673239e+00,4.015472e+00,-2.126256e+00,2.838229e-01,1.600000e+00
-1.677998e+00,4.007485e+00,-2.115037e+00,2.838229e-01,1.600000e+00
-1.682670e+00,3.999443e+00,-2.103818e+00,2.838229e-01,1.600000e+00
-1.687255e+00,3.991348e+00,-2.092598e+00,2.838229e-01,1.600000e+00
-1.691753e+00,3.983198e+00,-2.081379e+00,2.838229e-01,1.600000e+00
-1.696163e+00,3.974997e+00,-2.070160e+00,2.838229e-01,1.600000e+00
-1.700484e+00,3.966745e+00,-2.058941e+00,2.838229e-01,1.600000e+00
-1.704716e+00,3.958443e+00,-2.047722e+00,2.838229e-01,1.600000e+00
-1.708859e+00,3.950092e+00,-2.036503e+00,2.838229e-01,1.600000e+00
-1.712911e+00,3.941693e+00,-2.025283e+00,2.838229e-01,1.600000e+00
-1.716873e+00,3.933248e+00,-2.014064e+00,2.838229e-01,1.600000e+00
-1.720743e+00,3.924756e+00,-2.002845e+00,2.838229e-01,1.600000e+00
-1.724522e+00,3.916220e+00,-1.991626e+00,2.838229e-01,1.600000e+00
-1.728208e+00,3.907640e+00,-1.980407e+00,2.838229e-01,1.600000e+00
-1.731802e+00,3.899018e+00,-1.969187e+00,2.838229e-01,1.600000e+00
-1.735303e+00,3.890354e+00,-1.957968e+00,2.838229e-01,1.600000e+00
-1.738710e+00,3.881650e+00,-1.946749e+00,2.838229e-01,1.600000e+00
-1.742023e+00,3.872906e+00,-1.935530e+00,2.838229e-01,1.600000e+00
-1.745242e+00,3.864125e+00,-1.924311e+00,2.838229e-01,1.600000e+00
-1.748366e+00,3.855306e+00,-1.913091e+00,2.838229e-01,1.600000e+00
-1.751395e+00,3.846451e+00,-1.901872e+00,2.838229e-01,1.600000e+00
-1.754328e+00,3.837562e+00,-1.890653e+00,2.838229e-01,1.600000e+00
-1.757166e+00,3.828639e+00,-1.879434e+00,2.838229e-01,1.600000e+00
-1.759907e+00,3.819683e+00,-1.868215e+00,2.838229e-01,1.600000e+00
-1.762551e+00,3.810696e+00,-1.856995e+00,2.838229e-01,1.600000e+00
-1.765099e+00,3.801678e+00,-1.845776e+00,2.838229e-01,1.600000e+00
-1.767549e+00,3.792631e+00,-1.834557e+00,2.838229e-01,1.600000e+00
-1.769902e+00,3.783556e+00,-1.823338e+00,2.838229e-01,1.600000e+00
-1.772156e+00,3.774455e+00,-1.812119e+00,2.838229e-01,1.600000e+00
-1.774313e+00,3.765327e+00,-1.800900e+00,2.838229e-01,1.600000e+00
-1.776371e+00,3.756175e+00,-1.789680e+00,2.838229e-01,1.600000e+00
-1.778331e+00,3.746999e+00,-1.778461e+00,2.838229e-01,1.600000e+00
-1.780191e+00,3.737801e+00,-1.767242e+00,2.838229e-01,1.600000e+00
-1.781952e+00,3.728582e+00,-1.756023e+00,2.838229e-01,1.600000e+00
-1.783614e+00,3.719343e+00,-1.744804e+00,2.838229e-01,1.600000e+00
-1.785177e+00,3.710085e+00,-1.733584e+00,2.838229e-01,1.600000e+00
-1.786639e+00,3.700809e+00,-1.722365e+00,2.838229e-01,1.600000e+00
-1.788002e+00,3.691517e+00,-1.711146e+00,2.838229e-01,1.600000e+00
-1.789264e+00,3.682210e+00,-1.699927e+00,2.838229e-01,1.600000e+00
-1.790426e+00,3.672888e+00,-1.688708e+00,2.838229e-01,1.600000e+00
-1.791488e+00,3.663553e+00,-1.677488e+00,2.838229e-01,1.600000e+00
-1.792449e+00,3.654207e+00,-1.666269e+00,2.838229e-01,1.600000e+00
-1.793309e+00,3.644850e+00,-1.655050e+00,2.838229e-01,1.600000e+00
-1.794068e+00,3.635483e+00,-1.643831e+00,2.838229e-01,1.600000e+00
-1.794727e+00,3.626108e+00,-1.632612e+00,2.838229e-01,1.600000e+00
-1.795284e+00,3.616726e+00,-1.621393e+00,2.838229e-01,1.600000e+00
-1.795741e+00,3.607338e+00,-1.610173e+00,2.838229e-01,1.600000e+00
-1.796096e+00,3.597945e+00,-1.598954e+00,2.838229e-01,1.600000e+00
-1.796350e+00,3.588549e+00,-1.587735e+00,2.838229e-01,1.600000e+00
-1.796503e+00,3.579151e+00,-1.576516e+00,2.838229e-01,1.600000e+00
-1.796554e+00,3.569751e+00,-1.570797e+00,0,1.600000e+00
-1.796554e+00,3.560259e+00,-1.570796e+00,0,1.600000e+00
-1.796554e+00,3.550859e+00,-1.570796e+00,0,1.600000e+00
-1.796554e+00,3.541459e+00,-1.570796e+00,0,1.600000e+00
-1.796554e+00,3.532059e+00,-1.570796e+00,0,1.600000e+00
-1.796554e+00,3.522659e+00,-1.570796e+00,0,1.600000e+00
-1.796554e+00,3.513259e+00,-1.570796e+00,0,1.600000e+00
-1.796554e+00,3.503859e+00,-1.570796e+00,0,1.600000e+00
-1.796554e+00,3.494459e+00,-1.570796e+00,0,1.600000e+00
-1.796554e+00,3.485059e+00,-1.570796e+00,0,1.600000e+00
-1.796554e+00,3.475659e+00,-1.570796e+00,0,1.600000e+00
-1.796554e+00,3.466259e+00,-1.570796e+00,0,1.600000e+00
-1.796554e+00,3.456859e+00,-1.570796e+00,0,1.600000e+00
-1.796554e+00,3.447459e+00,-1.570796e+00,0,1.600000e+00
-1.796554e+00,3.438059e+00,-1.570796e+00,0,1.600000e+00
-1.796554e+00,3.428659e+00,-1.570796e+00,0,1.600000e+00
-1.796554e+00,3.419259e+00,-1.570796e+00,0,1.600000e+00
-1.796554e+00,3.409859e+00,-1.570796e+00,0,1.600000e+00
-1.796554e+00,3.400459e+00,-1.570796e+00,0,1.600000e+00
-1.796554e+00,3.391059e+00,-1.570796e+00,0,3.600000e+00
-1.796554e+00,3.381659e+00,-1.570796e+00,0,3.600000e+00
-1.796554e+00,3.372259e+00,-1.570796e+00,0,3.600000e+00
-1.796554e+00,3.362859e+00,-1.570796e+00,0,3.600000e+00
-1.796554e+00,3.353459e+00,-1.570796e+00,0,3.600000e+00
-1.796554e+00,3.344059e+00,-1.570796e+00,0,3.600000e+00
-1.796554e+00,3.334659e+00,-1.570796e+00,0,3.600000e+00
-1.796554e+00,3.325259e+00,-1.570796e+00,0,3.600000e+00
-1.796554e+00,3.315859e+00,-1.570796e+00,0,3.600000e+00
-1.796554e+00,3.306459e+00,-1.570796e+00,0,3.600000e+00
-1.796554e+00,3.297059e+00,-1.570796e+00,0,3.600000e+00
-1.796554e+00,3.287659e+00,-1.570796e+00,0,3.600000e+00
-1.796554e+00,3.278259e+00,-1.570796e+00,0,3.600000e+00
-1.796554e+00,3.268859e+00,-1.570796e+00,0,3.600000e+00
-1.796554e+00,3.259459e+00,-1.570796e+00,0,3.600000e+00
-1.796554e+00,3.250059e+00,-1.570796e+00,0,3.600000e+00
-1.796554e+00,3.240659e+00,-1.570796e+00,0,3.600000e+00
-1.796554e+00,3.231259e+00,-1.570796e+00,0,3.600000e+00
-1.796554e+00,3.221859e+00,-1.570796e+00,0,3.600000e+00
-1.796554e+00,3.212459e+00,-1.570796e+00,0,3.600000e+00
-1.796554e+00,3.203059e+00,-1.570796e+00,0,3.600000e+00
-1.796554e+00,3.193659e+00,-1.570796e+00,0,3.600000e+00
-1.796554e+00,3.184259e+00,-1.570796e+00,0,3.600000e+00
-1.796554e+00,3.174859e+00,-1.570796e+00,0,3.600000e+00
-1.796554e+00,3.165459e+00,-1.570796e+00,0,3.600000e+00
-1.796554e+00,3.156059e+00,-1.570796e+00,0,3.600000e+00
-1.796554e+00,3.146659e+00,-1.570796e+00,0,3.600000e+00
-1.796554e+00,3.137259e+00,-1.570796e+00,0,3.600000e+00
-1.796554e+00,3.127859e+00,-1.570796e+00,0,3.600000e+00
-1.796554e+00,3.118459e+00,-1.570796e+00,0,3.600000e+00
-1.796554e+00,3.109059e+00,-1.570796e+00,0,3.600000e+00
-1.796554e+00,3.099659e+00,-1.570796e+00,0,3.600000e+00
-1.796554e+00,3.090259e+00,-1.570796e+00,0,3.600000e+00
-1.796554e+00,3.080859e+00,-1.570796e+00,0,3.600000e+00
-1.796554e+00,3.071459e+00,-1.570796e+00,0,3.600000e+00
-1.796554e+00,3.062059e+00,-1.570796e+00,0,3.600000e+00
-1.796554e+00,3.052659e+00,-1.570796e+00,0,3.600000e+00
-1.796554e+00,3.043259e+00,-1.570796e+00,0,3.600000e+00
-1.796554e+00,3.033859e+00,-1.570796e+00,0,3.600000e+00
-1.796554e+00,3.024459e+00,-1.570796e+00,0,3.600000e+00
-1.796554e+00,3.015059e+00,-1.570796e+00,0,3.600000e+00
-1.796554e+00,3.005659e+00,-1.570796e+00,0,3.600000e+00
-1.796554e+00,2.996020e+00,-1.570796e+00,0,3.600000e+00
-1.796554e+00,2.986020e+00,-1.570796e+00,0,3.600000e+00
-1.796554e+00,2.976020e+00,-1.570796e+00,0,3.600000e+00
-1.796554e+00,2.967030e+00,-1.570796e+00,0,3.600000e+00
-1.796554e+00,2.957030e+00,-1.570796e+00,0,3.600000e+00
-1.796554e+00,2.947030e+00,-1.570796e+00,0,3.600000e+00
-1.796554e+00,2.937030e+00,-1.570796e+00,0,3.600000e+00
-1.796554e+00,2.927030e+00,-1.570796e+00,0,3.600000e+00
-1.796554e+00,2.917030e+00,-1.570796e+00,0,3.600000e+00
-1.796554e+00,2.907030e+00,-1.570796e+00,0,3.600000e+00
-1.796554e+00,2.897030e+00,-1.570796e+00,0,3.600000e+00
-1.796554e+00,2.887030e+00,-1.570796e+00,0,3.600000e+00
-1.796554e+00,2.877030e+00,-1.570796e+00,0,3.600000e+00
-1.796554e+00,2.867030e+00,-1.570796e+00,0,3.600000e+00
-1.796554e+00,2.857030e+00,-1.570796e+00,0,3.600000e+00
-1.796554e+00,2.847030e+00,-1.570796e+00,0,3.600000e+00
-1.796554e+00,2.837030e+00,-1.570796e+00,0,3.600000e+00
-1.796554e+00,2.827030e+00,-1.570796e+00,0,3.600000e+00
-1.796554e+00,2.817030e+00,-1.570796e+00,0,3.600000e+00
-1.796554e+00,2.807030e+00,-1.570796e+00,0,3.600000e+00
-1.796554e+00,2.797030e+00,-1.570796e+00,0,3.600000e+00
-1.796554e+00,2.787030e+00,-1.570796e+00,0,3.600000e+00
-1.796554e+00,2.777030e+00,-1.570796e+00,0,3.600000e+00
-1.796554e+00,2.767030e+00,-1.570796e+00,0,3.600000e+00
-1.796554e+00,2.757030e+00,-1.570796e+00,0,3.600000e+00
-1.796554e+00,2.747030e+00,-1.570796e+00,0,3.600000e+00
-1.796554e+00,2.737030e+00,-1.570796e+00,0,3.600000e+00
-1.796554e+00,2.727030e+00,-1.570796e+00,0,3.600000e+00
-1.796554e+00,2.717030e+00,-1.570796e+00,0,3.600000e+00
-1.796554e+00,2.707030e+00,-1.570796e+00,0,3.600000e+00
-1.796554e+00,2.697030e+00,-1.570796e+00,0,3.600000e+00
-1.796554e+00,2.687030e+00,-1.570796e+00,0,3.600000e+00
-1.796554e+00,2.677030e+00,-1.570796e+00,0,3.600000e+00
-1.796554e+00,2.667030e+00,-1.570796e+00,0,3.600000e+00
-1.796554e+00,2.657030e+00,-1.570796e+00,0,3.600000e+00
-1.796554e+00,2.647030e+00,-1.570796e+00,0,3.600000e+00
-1.796554e+00,2.637030e+00,-1.570796e+00,0,3.600000e+00
-1.796554e+00,2.627030e+00,-1.570796e+00,0,3.600000e+00
-1.796554e+00,2.617030e+00,-1.570796e+00,0,3.600000e+00
-1.796554e+00,2.607030e+00,-1.570796e+00,0,3.600000e+00
-1.796554e+00,2.597030e+00,-1.570796e+00,0,3.600000e+00
-1.796554e+00,2.587030e+00,-1.570796e+00,0,3.600000e+00
-1.796554e+00,2.577030e+00,-1.570796e+00,0,3.600000e+00
-1.796554e+00,2.567030e+00,-1.570796e+00,0,3.600000e+00
-1.796554e+00,2.557030e+00,-1.570796e+00,0,3.600000e+00
-1.796554e+00,2.547030e+00,-1.570796e+00,0,3.600000e+00
-1.796554e+00,2.537030e+00,-1.570796e+00,0,3.600000e+00
-1.796554e+00,2.527030e+00,-1.570796e+00,0,3.600000e+00
-1.796554e+00,2.517030e+00,-1.570796e+00,0,3.600000e+00
-1.796554e+00,2.507030e+00,-1.570796e+00,0,3.600000e+00
-1.796554e+00,2.497030e+00,-1.570796e+00,0,3.600000e+00
-1.796554e+00,2.487030e+00,-1.570796e+00,0,3.600000e+00
-1.796554e+00,2.477030e+00,-1.570796e+00,0,3.600000e+00
-1.796554e+00,2.467030e+00,-1.570796e+00,0,3.600000e+00
-1.796554e+00,2.457030e+00,-1.570796e+00,0,3.600000e+00
-1.796554e+00,2.447030e+00,-1.570796e+00,0,3.600000e+00
-1.796554e+00,2.437030e+00,-1.570796e+00,0,3.600000e+00
-1.796554e+00,2.427030e+00,-1.570796e+00,0,3.600000e+00
-1.796554e+00,2.417030e+00,-1.570796e+00,0,3.600000e+00
-1.796554e+00,2.407030e+00,-1.570796e+00,0,3.600000e+00
-1.796554e+00,2.397030e+00,-1.570796e+00,0,3.600000e+00
-1.796554e+00,2.387030e+00,-1.570796e+00,0,3.600000e+00
-1.796554e+00,2.377030e+00,-1.570796e+00,0,3.600000e+00
-1.796554e+00,2.367030e+00,-1.570796e+00,0,3.600000e+00
-1.796554e+00,2.357030e+00,-1.570796e+00,0,3.600000e+00
-1.796554e+00,2.347030e+00,-1.570796e+00,0,3.600000e+00
-1.796554e+00,2.337030e+00,-1.570796e+00,0,3.600000e+00
-1.796554e+00,2.327030e+00,-1.570796e+00,0,3.600000e+00
-1.796554e+00,2.317030e+00,-1.570796e+00,0,3.600000e+00
-1.796554e+00,2.307030e+00,-1.570796e+00,0,3.600000e+00
-1.796554e+00,2.297030e+00,-1.570796e+00,0,3.600000e+00
-1.796554e+00,2.287030e+00,-1.570796e+00,0,3.600000e+00
-1.796554e+00,2.277030e+00,-1.570796e+00,0,3.600000e+00
-1.796554e+00,2.267030e+00,-1.570796e+00,0,3.600000e+00
-1.796554e+00,2.257030e+00,-1.570796e+00,0,3.600000e+00
-1.796554e+00,2.247030e+00,-1.570796e+00,0,3.600000e+00
-1.796554e+00,2.237030e+00,-1.570796e+00,0,3.600000e+00
-1.796554e+00,2.227030e+00,-1.570796e+00,0,3.600000e+00
-1.796554e+00,2.217030e+00,-1.570796e+00,0,3.600000e+00
-1.796554e+00,2.207030e+00,-1.570796e+00,0,3.600000e+00
-1.796554e+00,2.197030e+00,-1.570796e+00,0,3.600000e+00
-1.796554e+00,2.187030e+00,-1.570796e+00,0,3.600000e+00
-1.796554e+00,2.177030e+00,-1.570796e+00,0,3.600000e+00
-1.796554e+00,2.167030e+00,-1.570796e+00,0,3.600000e+00
-1.796554e+00,2.157030e+00,-1.570796e+00,0,3.600000e+00
-1.796554e+00,2.147030e+00,-1.570796e+00,0,3.600000e+00
-1.796554e+00,2.137030e+00,-1.570796e+00,0,3.600000e+00
-1.796554e+00,2.127030e+00,-1.570796e+00,0,3.600000e+00
-1.796554e+00,2.117030e+00,-1.570796e+00,0,3.600000e+00
-1.796554e+00,2.107030e+00,-1.570796e+00,0,3.600000e+00
-1.796554e+00,2.097030e+00,-1.570796e+00,0,3.600000e+00
-1.796554e+00,2.087030e+00,-1.570796e+00,0,3.600000e+00
-1.796554e+00,2.077030e+00,-1.570796e+00,0,3.600000e+00
-1.796554e+00,2.067030e+00,-1.570796e+00,0,3.600000e+00
-1.796554e+00,2.057030e+00,-1.570796e+00,0,3.600000e+00
-1.796554e+00,2.047030e+00,-1.570796e+00,0,3.600000e+00
-1.796554e+00,2.037030e+00,-1.570796e+00,0,3.600000e+00
-1.796554e+00,2.027030e+00,-1.570796e+00,0,3.600000e+00
-1.796554e+00,2.017030e+00,-1.570796e+00,0,3.600000e+00
-1.796554e+00,2.007030e+00,-1.570796e+00,0,3.600000e+00
-1.796554e+00,1.997030e+00,-1.570796e+00,0,3.600000e+00
-1.796554e+00,1.987030e+00,-1.570796e+00,0,3.600000e+00
-1.796554e+00,1.977030e+00,-1.570796e+00,0,3.600000e+00
-1.796554e+00,1.967030e+00,-1.570796e+00,0,3.600000e+00
-1.796554e+00,1.957030e+00,-1.570796e+00,0,3.600000e+00
-1.796554e+00,1.947030e+00,-1.570796e+00,0,3.600000e+00
-1.796554e+00,1.937030e+00,-1.570796e+00,0,3.600000e+00
-1.796554e+00,1.927030e+00,-1.570796e+00,0,3.600000e+00
-1.796554e+00,1.917030e+00,-1.570796e+00,0,3.600000e+00
-1.796554e+00,1.907030e+00,-1.570796e+00,0,3.600000e+00
-1.796554e+00,1.897030e+00,-1.570796e+00,0,3.600000e+00
-1.796554e+00,1.887030e+00,-1.570796e+00,0,3.600000e+00
-1.796554e+00,1.877030e+00,-1.570796e+00,0,3.600000e+00
-1.796554e+00,1.867030e+00,-1.570796e+00,0,3.600000e+00
-1.796554e+00,1.857030e+00,-1.570796e+00,0,3.600000e+00
-1.796554e+00,1.847030e+00,-1.570796e+00,0,3.600000e+00
-1.796554e+00,1.837030e+00,-1.570796e+00,0,3.600000e+00
-1.796554e+00,1.827030e+00,-1.570796e+00,0,3.600000e+00
-1.796554e+00,1.817030e+00,-1.570796e+00,0,3.600000e+00
-1.796554e+00,1.807030e+00,-1.570796e+00,0,3.600000e+00
-1.796554e+00,1.797030e+00,-1.570796e+00,0,3.600000e+00
-1.796554e+00,1.787030e+00,-1.570796e+00,0,3.600000e+00
-1.796554e+00,1.777030e+00,-1.570796e+00,0,3.600000e+00
-1.796554e+00,1.767030e+00,-1.570796e+00,0,3.600000e+00
-1.796554e+00,1.757030e+00,-1.570796e+00,0,3.600000e+00
-1.796554e+00,1.747030e+00,-1.570796e+00,0,3.600000e+00
-1.796554e+00,1.737030e+00,-1.570796e+00,0,3.600000e+00
-1.796554e+00,1.727030e+00,-1.570796e+00,0,3.600000e+00
-1.796554e+00,1.717030e+00,-1.570796e+00,0,3.600000e+00
-1.796554e+00,1.707030e+00,-1.570796e+00,0,3.600000e+00
-1.796554e+00,1.697030e+00,-1.570796e+00,0,3.600000e+00
-1.796554e+00,1.687030e+00,-1.570796e+00,0,3.600000e+00
-1.796554e+00,1.677030e+00,-1.570796e+00,0,3.600000e+00
-1.796554e+00,1.667030e+00,-1.570796e+00,0,3.600000e+00
-1.796554e+00,1.657030e+00,-1.570796e+00,0,3.600000e+00
-1.796554e+00,1.647030e+00,-1.570796e+00,0,3.600000e+00
-1.796554e+00,1.637030e+00,-1.570796e+00,0,3.600000e+00
-1.796554e+00,1.627030e+00,-1.570796e+00,0,3.600000e+00
-1.796554e+00,1.617030e+00,-1.570796e+00,0,3.600000e+00
-1.796554e+00,1.607030e+00,-1.570796e+00,0,3.600000e+00
-1.796554e+00,1.597030e+00,-1.570796e+00,0,3.600000e+00
-1.796554e+00,1.587030e+00,-1.570796e+00,0,3.600000e+00
-1.796554e+00,1.577030e+00,-1.570796e+00,0,3.600000e+00
-1.796554e+00,1.567030e+00,-1.570796e+00,0,3.600000e+00
-1.796554e+00,1.557030e+00,-1.570796e+00,0,3.600000e+00
-1.796554e+00,1.547030e+00,-1.570796e+00,0,3.600000e+00
-1.796554e+00,1.537030e+00,-1.570796e+00,0,3.600000e+00
-1.796554e+00,1.527030e+00,-1.570796e+00,0,3.600000e+00
-1.796554e+00,1.517030e+00,-1.570796e+00,0,3.600000e+00
-1.796554e+00,1.507030e+00,-1.570796e+00,0,3.600000e+00
-1.796554e+00,1.497030e+00,-1.570796e+00,0,3.600000e+00
-1.796554e+00,1.487030e+00,-1.570796e+00,0,3.600000e+00
-1.796554e+00,1.477030e+00,-1.570796e+00,0,3.600000e+00
-1.796554e+00,1.467030e+00,-1.570796e+00,0,3.600000e+00
-1.796554e+00,1.457030e+00,-1.570796e+00,0,3.600000e+00
-1.796554e+00,1.447030e+00,-1.570796e+00,0,3.600000e+00
-1.796554e+00,1.437030e+00,-1.570796e+00,0,3.600000e+00
-1.796554e+00,1.427030e+00,-1.570796e+00,0,3.600000e+00
-1.796554e+00,1.417030e+00,-1.570796e+00,0,3.600000e+00
-1.796554e+00,1.407030e+00,-1.570796e+00,0,3.600000e+00
-1.796554e+00,1.397030e+00,-1.570796e+00,0,3.600000e+00
-1.796554e+00,1.387030e+00,-1.570796e+00,0,3.600000e+00
-1.796554e+00,1.377030e+00,-1.570796e+00,0,3.600000e+00
-1.796554e+00,1.367030e+00,-1.570796e+00,0,3.600000e+00
-1.796554e+00,1.357030e+00,-1.570796e+00,0,3.600000e+00
-1.796554e+00,1.347030e+00,-1.570796e+00,0,3.600000e+00
-1.796554e+00,1.337030e+00,-1.570796e+00,0,3.600000e+00
-1.796554e+00,1.327030e+00,-1.570796e+00,0,3.600000e+00
-1.796554e+00,1.317030e+00,-1.570796e+00,0,3.600000e+00
-1.796554e+00,1.307030e+00,-1.570796e+00,0,3.600000e+00
-1.796554e+00,1.297030e+00,-1.570796e+00,0,3.600000e+00
-1.796554e+00,1.287030e+00,-1.570796e+00,0,3.600000e+00
-1.796554e+00,1.277030e+00,-1.570796e+00,0,3.600000e+00
-1.796554e+00,1.267030e+00,-1.570796e+00,0,3.600000e+00
-1.796554e+00,1.257030e+00,-1.570796e+00,0,3.600000e+00
-1.796554e+00,1.247030e+00,-1.570796e+00,0,3.600000e+00
-1.796554e+00,1.237030e+00,-1.570796e+00,0,3.600000e+00
-1.796554e+00,1.227030e+00,-1.570796e+00,0,3.600000e+00
-1.796554e+00,1.217030e+00,-1.570796e+00,0,3.600000e+00
-1.796554e+00,1.207030e+00,-1.570796e+00,0,3.600000e+00
-1.796554e+00,1.197030e+00,-1.570796e+00,0,3.600000e+00
-1.796554e+00,1.187030e+00,-1.570796e+00,0,3.600000e+00
-1.796554e+00,1.177030e+00,-1.570796e+00,0,3.600000e+00
-1.796554e+00,1.167030e+00,-1.570796e+00,0,3.600000e+00
-1.796554e+00,1.157030e+00,-1.570796e+00,0,3.600000e+00
-1.796554e+00,1.147030e+00,-1.570796e+00,0,3.600000e+00
-1.796554e+00,1.137030e+00,-1.570796e+00,0,3.600000e+00
-1.796554e+00,1.127030e+00,-1.570796e+00,0,3.600000e+00
-1.796554e+00,1.117030e+00,-1.570796e+00,0,3.600000e+00
-1.796554e+00,1.107030e+00,-1.570796e+00,0,3.600000e+00
-1.796554e+00,1.097030e+00,-1.570796e+00,0,3.600000e+00
-1.796554e+00,1.087030e+00,-1.570796e+00,0,3.600000e+00
-1.796554e+00,1.077030e+00,-1.570796e+00,0,3.600000e+00
-1.796554e+00,1.067030e+00,-1.570796e+00,0,3.600000e+00
-1.796554e+00,1.057030e+00,-1.570796e+00,0,3.600000e+00
-1.796554e+00,1.047030e+00,-1.570796e+00,0,3.600000e+00
-1.796554e+00,1.037030e+00,-1.570796e+00,0,3.600000e+00
-1.796554e+00,1.027030e+00,-1.570796e+00,0,3.600000e+00
-1.796554e+00,1.017030e+00,-1.570796e+00,0,3.600000e+00
-1.796554e+00,1.007030e+00,-1.570796e+00,0,3.600000e+00
-1.796554e+00,9.970300e-01,-1.570796e+00,0,3.600000e+00
-1.796554e+00,9.870300e-01,-1.570796e+00,0,3.600000e+00
-1.796554e+00,9.770300e-01,-1.570796e+00,0,3.600000e+00
-1.796554e+00,9.670300e-01,-1.570796e+00,0,3.600000e+00
-1.796554e+00,9.570300e-01,-1.570796e+00,0,3.600000e+00
-1.796554e+00,9.470300e-01,-1.570796e+00,0,3.600000e+00
-1.796554e+00,9.370300e-01,-1.570796e+00,0,3.600000e+00
-1.796554e+00,9.270300e-01,-1.570796e+00,0,3.600000e+00
-1.796554e+00,9.170300e-01,-1.570796e+00,0,3.600000e+00
-1.796554e+00,9.070300e-01,-1.570796e+00,0,3.600000e+00
-1.796554e+00,8.970300e-01,-1.570796e+00,0,3.600000e+00
-1.796554e+00,8.870300e-01,-1.570796e+00,0,3.600000e+00
-1.796554e+00,8.770300e-01,-1.570796e+00,0,3.600000e+00
-1.796554e+00,8.670300e-01,-1.570796e+00,0,3.600000e+00
-1.796554e+00,8.570300e-01,-1.570796e+00,0,3.600000e+00
-1.796554e+00,8.470300e-01,-1.570796e+00,0,3.600000e+00
-1.796554e+00,8.370300e-01,-1.570796e+00,0,3.600000e+00
-1.796554e+00,8.270300e-01,-1.570796e+00,0,3.600000e+00
-1.796554e+00,8.170300e-01,-1.570796e+00,0,3.600000e+00
-1.796554e+00,8.070300e-01,-1.570796e+00,0,3.600000e+00
-1.796554e+00,7.970300e-01,-1.570796e+00,0,3.600000e+00
-1.796554e+00,7.870300e-01,-1.570796e+00,0,3.600000e+00
-1.796554e+00,7.770300e-01,-1.570796e+00,0,3.600000e+00
-1.796554e+00,7.670300e-01,-1.570796e+00,0,3.600000e+00
-1.796554e+00,7.570300e-01,-1.570796e+00,0,3.600000e+00
-1.796554e+00,7.470300e-01,-1.570796e+00,0,3.600000e+00
-1.796554e+00,7.370300e-01,-1.570796e+00,0,3.600000e+00
-1.796554e+00,7.270300e-01,-1.570796e+00,0,3.600000e+00
-1.796554e+00,7.170300e-01,-1.570796e+00,0,3.600000e+00
-1.796554e+00,7.070300e-01,-1.570796e+00,0,3.600000e+00
-1.796554e+00,6.970300e-01,-1.570796e+00,0,3.600000e+00
-1.796554e+00,6.870300e-01,-1.570796e+00,0,3.600000e+00
-1.796554e+00,6.770300e-01,-1.570796e+00,0,3.600000e+00
-1.796554e+00,6.670300e-01,-1.570796e+00,0,3.600000e+00
-1.796554e+00,6.570300e-01,-1.570796e+00,0,3.600000e+00
-1.796554e+00,6.470300e-01,-1.570796e+00,0,3.600000e+00
-1.796554e+00,6.370300e-01,-1.570796e+00,0,3.600000e+00
-1.796554e+00,6.270300e-01,-1.570796e+00,0,3.600000e+00
-1.796554e+00,6.170300e-01,-1.570796e+00,0,3.600000e+00
-1.796554e+00,6.070300e-01,-1.570796e+00,0,3.600000e+00
-1.796554e+00,5.970300e-01,-1.570796e+00,0,0
-1.796554e+00,5.870300e-01,-1.570796e+00,0,0
-1.796554e+00,5.770300e-01,-1.570796e+00,0,0
-1.796554e+00,5.670300e-01,-1.570796e+00,0,0
-1.796554e+00,5.570300e-01,-1.570796e+00,0,0
-1.796554e+00,5.470300e-01,-1.570796e+00,0,0
-1.796554e+00,5.370300e-01,-1.570796e+00,0,0
-1.796554e+00,5.270300e-01,-1.570796e+00,0,0
-1.796554e+00,5.170300e-01,-1.570796e+00,0,0
-1.796554e+00,5.070300e-01,-1.570796e+00,0,0
